0.0072667
0.0026527
0.0067689
0.010649
0.0028161
0.011657
0.011689
0.0077745
0.0050674
0.013427
0.011033
0.013916
0.0080306
0.014685
0.018174
0.019284
0.011284
0.014607
0.018031
0.020688
0.015865
0.01515
0.020288
0.022734
0.019875
0.022205
0.019705
0.02285
0.017661
0.02414
0.028331
0.027009
0.023466
0.024983
0.024375
0.030031
0.030287
0.027612
0.032868
0.030503
0.029549
0.035072
0.027897
0.030329
0.027863
0.034942
0.034438
0.030571
0.037404
0.035883
0.03888
0.035706
0.03471
0.033845
0.036595
0.036931
0.038867
0.035077
0.041439
0.041271
0.039016
0.040148
0.040567
0.046485
0.047022
0.048806
0.048283
0.042946
0.047
0.050459
0.046
0.050628
0.053761
0.050406
0.046893
0.046541
0.048314
0.053251
0.052348
0.058019
0.055263
0.054219
0.05034
0.054184
0.054144
0.058055
0.055235
0.062263
0.060144
0.056329
0.060023
0.063435
0.065515
0.062952
0.064829
0.062996
0.066744
0.063629
0.066328
0.064473
0.06932
0.06206
0.067398
0.068978
0.064495
0.069156
0.064803
0.065095
0.066689
0.069437
0.068424
0.075405
0.074861
0.078029
0.075493
0.07685
0.07923
0.079275
0.074994
0.073312
0.076515
0.080634
0.079425
0.075592
0.083133
0.076863
0.079756
0.076802
0.082176
0.082104
0.085338
0.088203
0.084937
0.083317
0.089672
0.080914
0.08258
0.083234
0.090684
0.083661
0.085518
0.089495
0.089971
0.085725
0.091812
0.088928
0.091475
0.096266
0.095969
0.0948
0.093568
0.099019
0.097661
0.095221
0.09871
0.093808
0.096409
0.099048
0.098176
0.1021
0.096401
0.10174
0.10029
0.10159
0.10531
0.10409
0.10634
0.099134
0.1056
0.10047
0.1037
0.10772
0.11139
0.10992
0.10915
0.11334
0.10727
0.11461
0.11249
0.10671
0.10832
0.11165
0.10911
0.11556
0.1125
0.11413
0.11646
0.11808
0.11531
0.11364
0.12121
0.11592
0.11576
0.12153
0.11546
0.12369
0.11764
0.1163
0.12564
0.12431
0.124
0.12503
0.12658
0.12688
0.12539
0.12695
0.12118
0.12847
0.12976
0.13182
0.12685
0.13091
0.12771
0.13387
0.13022
0.1322
0.13174
0.13063
0.13601
0.13078
0.13699
0.13772
0.13261
0.13305
0.13462
0.14072
0.1415
0.14093
0.13964
0.141
0.14149
0.14182
0.14175
0.14407
0.14272
0.14308
0.14173
0.14186
0.14028
0.14475
0.14394
0.14095
0.14236
0.14135
0.14412
0.14864
0.1474
0.15161
0.15194
0.15084
0.15038
0.14936
0.15404
0.14863
0.15074
0.14769
0.15545
0.14895
0.15603
0.15825
0.15006
0.15357
0.15181
0.15783
0.15344
0.15367
0.16035
0.16244
0.16254
0.16402
0.16162
0.15892
0.15765
0.16362
0.16175
0.16275
0.16061
0.16396
0.16083
0.16126
0.16499
0.17087
0.16754
0.17014
0.16378
0.16452
0.1669
0.16799
0.17441
0.16744
0.17013
0.17191
0.16893
0.1733
0.17742
0.17035
0.17045
0.17426
0.17024
0.17208
0.17126
0.18092
0.18182
0.17826
0.17996
0.18348
0.18353
0.18444
0.18056
0.18475
0.17754
0.17767
0.18283
0.18074
0.18606
0.18674
0.18845
0.18356
0.18978
0.19016
0.18931
0.19149
0.18269
0.19075
0.18714
0.18865
0.19329
0.19435
0.19198
0.19134
0.18862
0.19499
0.19512
0.19672
0.18999
0.19061
0.1959
0.1921
0.19384
0.2001
0.19525
0.19895
0.19611
0.19417
0.19626
0.19457
0.19727
0.19821
0.20373
0.19724
0.2044
0.20151
0.20368
0.20215
0.20678
0.20218
0.20832
0.20634
0.20914
0.20876
0.20666
0.20204
0.20733
0.20961
0.21197
0.21159
0.21312
0.20524
0.20765
0.21044
0.2118
0.20818
0.21435
0.21415
0.21696
0.2176
0.2152
0.21213
0.21526
0.21308
0.21948
0.21957
0.21577
0.2149
0.21345
0.22382
0.21831
0.22442
0.22365
0.22486
0.22265
0.21972
0.21824
0.21933
0.2218
0.21909
0.2267
0.22103
0.22519
0.22723
0.22121
0.22864
0.22973
0.22807
0.22964
0.23311
0.22613
0.22644
0.2329
0.23124
0.22711
0.23355
0.22891
0.23193
0.23385
0.23146
0.23106
0.23203
0.23871
0.23132
0.23337
0.23979
0.23223
0.23666
0.2337
0.23368
0.24277
0.23753
0.23903
0.24038
0.24093
0.23794
0.24587
0.24173
0.24678
0.24768
0.24288
0.24875
0.24935
0.24165
0.24288
0.2473
0.24376
0.24743
0.2468
0.25103
0.25087
0.24661
0.25336
0.25144
0.24801
0.24805
0.24699
0.25607
0.25535
0.25375
0.25645
0.24957
0.25482
0.25623
0.25289
0.25058
0.25726
0.25974
0.25355
0.25908
0.25943
0.25594
0.25423
0.26268
0.26267
0.25904
0.26415
0.26077
0.26076
0.25762
0.25888
0.2618
0.26221
0.26196
0.26364
0.26209
0.26047
0.26985
0.26573
0.27083
0.27083
0.27043
0.26527
0.27161
0.272
0.26506
0.27136
0.27154
0.27347
0.27288
0.27559
0.26946
0.26818
0.27006
0.27441
0.2727
0.27383
0.27907
0.27502
0.27296
0.27443
0.27402
0.27527
0.2733
0.27677
0.27924
0.27533
0.28105
0.28073
0.28373
0.28279
0.28294
0.27992
0.28313
0.28385
0.28069
0.28392
0.27976
0.28037
0.28616
0.28409
0.28641
0.28825
0.2863
0.28568
0.28371
0.28872
0.29096
0.28816
0.29407
0.29167
0.28829
0.29314
0.2891
0.29495
0.29447
0.29371
0.29151
0.29711
0.29622
0.29572
0.29881
0.29674
0.29659
0.29725
0.29523
0.29412
0.29399
0.29311
0.30292
0.30168
0.29533
0.3025
0.2956
0.3029
0.29682
0.29828
0.29943
0.30302
0.30136
0.30358
0.29961
0.30452
0.30347
0.30381
0.30206
0.3071
0.30245
0.30397
0.31181
0.30699
0.30831
0.30462
0.31066
0.31402
0.30921
0.30787
0.31058
0.3133
0.30875
0.31089
0.31034
0.30964
0.31528
0.31639
0.31007
0.31251
0.31933
0.31427
0.31818
0.31281
0.31167
0.31357
0.31483
0.31377
0.31478
0.32136
0.31909
0.32381
0.31997
0.31824
0.32218
0.32341
0.32656
0.32362
0.32677
0.32687
0.32604
0.32833
0.32648
0.32537
0.32996
0.32503
0.32868
0.32677
0.32343
0.32299
0.33136
0.3311
0.32893
0.32553
0.33018
0.33388
0.32515
0.32914
0.32684
0.32842
0.33639
0.32956
0.33584
0.32864
0.33478
0.33257
0.33901
0.33018
0.33274
0.33983
0.33209
0.33486
0.34025
0.33951
0.33311
0.34289
0.34034
0.34324
0.33645
0.33917
0.33956
0.33879
0.34045
0.33906
0.33763
0.34218
0.34527
0.34639
0.34517
0.34554
0.34
0.34878
0.34662
0.35024
0.34239
0.3466
0.34382
0.34509
0.34778
0.34687
0.34519
0.35212
0.34682
0.35397
0.34626
0.34864
0.35402
0.35507
0.35456
0.34716
0.34903
0.35207
0.35723
0.35839
0.35209
0.35072
0.35374
0.35248
0.35211
0.35648
0.35561
0.35976
0.35597
0.35494
0.35624
0.35805
0.35917
0.36173
0.36086
0.36136
0.35838
0.35882
0.36518
0.35721
0.36692
0.36078
0.36055
0.35954
0.36624
0.36124
0.36925
0.36978
0.36406
0.36089
0.36659
0.36763
0.36229
0.36343
0.372
0.37081
0.36762
0.37163
0.37414
0.37467
0.36852
0.37045
0.3713
0.37103
0.37219
0.36841
0.37271
0.36803
0.36846
0.37133
0.37183
0.37268
0.37201
0.37458
0.37923
0.37292
0.37957
0.37568
0.38004
0.38033
0.38021
0.38112
0.38099
0.38208
0.37936
0.38451
0.37716
0.38533
0.37874
0.38435
0.37921
0.38081
0.38434
0.37831
0.3852
0.38679
0.38019
0.38394
0.38528
0.38613
0.39077
0.38765
0.38248
0.3902
0.38641
0.38596
0.39272
0.38383
0.38865
0.38963
0.3904
0.38933
0.38724
0.39289
0.38812
0.39593
0.39506
0.38775
0.39253
0.38947
0.39231
0.39635
0.39623
0.39145
0.39626
0.39775
0.39723
0.39669
0.39769
0.399
0.39529
0.40103
0.39428
0.39556
0.40027
0.40382
0.39876
0.40329
0.39752
0.39992
0.39945
0.40249
0.40659
0.3997
0.39796
0.4079
0.40598
0.40305
0.4017
0.39997
0.40976
0.40604
0.40885
0.40299
0.40394
0.40483
0.40334
0.40586
0.40858
0.40607
0.40663
0.40649
0.40575
0.40863
0.41289
0.40581
0.41258
0.40669
0.40913
0.41088
0.41438
0.40935
0.41195
0.41738
0.41747
0.41691
0.4183
0.41114
0.41334
0.41701
0.41196
0.41267
0.41377
0.41421
0.4133
0.41843
0.41812
0.4206
0.41751
0.41986
0.42304
0.42414
0.41553
0.41987
0.41856
0.42276
0.42495
0.41933
0.41935
0.41967
0.4237
0.42029
0.41953
0.42302
0.42897
0.42026
0.42783
0.42939
0.42747
0.43076
0.42207
0.42303
0.43225
0.42938
0.42647
0.42545
0.43139
0.42503
0.43232
0.43501
0.43041
0.43298
0.42765
0.42926
0.43615
0.43524
0.43005
0.43165
0.43832
0.4289
0.43092
0.43478
0.43484
0.43168
0.43378
0.43921
0.4402
0.4404
0.43437
0.43712
0.442
0.43987
0.43374
0.44296
0.43594
0.44261
0.4447
0.44516
0.44445
0.43891
0.44421
0.44362
0.44016
0.44035
0.44637
0.44105
0.43963
0.44311
0.44807
0.44395
0.44784
0.44159
0.44861
0.44721
0.44615
0.44278
0.44358
0.44604
0.45074
0.4465
0.44928
0.44443
0.44651
0.45001
0.44947
0.45418
0.44695
0.44954
0.45537
0.44708
0.44913
0.45428
0.45166
0.4542
0.45658
0.45479
0.44964
0.44974
0.44989
0.45905
0.45595
0.45466
0.45848
0.45617
0.45278
0.45516
0.45794
0.45458
0.46273
0.45918
0.45612
0.45527
0.46276
0.45853
0.45941
0.46035
0.46211
0.45723
0.46631
0.46504
0.45773
0.46657
0.46539
0.45864
0.46815
0.461
0.46532
0.46066
0.46716
0.46248
0.46345
0.46853
0.46761
0.46424
0.46526
0.46321
0.47108
0.4714
0.47199
0.46829
0.4682
0.47003
0.4674
0.47075
0.47169
0.46899
0.4694
0.46657
0.4672
0.47095
0.4759
0.47731
0.46827
0.47469
0.47287
0.47254
0.47359
0.46947
0.47498
0.47493
0.47638
0.47583
0.47697
0.47653
0.47448
0.47283
0.48001
0.47279
0.48209
0.47886
0.48041
0.47945
0.4781
0.48321
0.47838
0.48241
0.47593
0.48045
0.47933
0.48243
0.48294
0.47958
0.4833
0.48105
0.48276
0.48595
0.48034
0.48687
0.47985
0.48883
0.48679
0.49033
0.4887
0.48479
0.48721
0.48698
0.49003
0.49193
0.48651
0.48742
0.48618
0.48686
0.48542
0.49241
0.48695
0.49223
0.49461
0.48635
0.49307
0.48802
0.48721
0.48703
0.49629
0.48918
0.49502
0.49625
0.49326
0.49131
0.49878
0.49452
0.49263
0.49569
0.49432
0.49291
0.5011
0.4998
0.49424
0.49443
0.50135
0.50069
0.49647
0.4955
0.49667
0.50096
0.49565
0.50081
0.49954
0.50461
0.49801
0.50546
0.50128
0.50141
0.50564
0.50619
0.49879
0.50364
0.5044
0.50074
0.50839
0.50291
0.50656
0.50773
0.50863
0.50346
0.50342
0.50117
0.50278
0.5104
0.50996
0.50941
0.50253
0.50726
0.50586
0.50799
0.5048
0.5056
0.51017
0.50845
0.51183
0.51044
0.51352
0.51184
0.50741
0.51048
0.51024
0.51098
0.51342
0.51003
0.50976
0.51493
0.51136
0.51396
0.51693
0.51504
0.51289
0.51746
0.5147
0.51354
0.51601
0.52087
0.5196
0.51593
0.51332
0.51889
0.5166
0.52033
0.51647
0.5148
0.52093
0.51836
0.52157
0.52352
0.5197
0.52394
0.52206
0.52044
0.52412
0.5246
0.51728
0.52198
0.51948
0.52394
0.51882
0.51984
0.52025
0.52692
0.52084
0.52516
0.52452
0.52671
0.52515
0.52198
0.52277
0.52482
0.53006
0.52636
0.5322
0.53275
0.52933
0.52356
0.52688
0.53254
0.52502
0.52836
0.53407
0.52919
0.52862
0.52829
0.52623
0.53404
0.53427
0.53246
0.53545
0.53486
0.53455
0.5362
0.5293
0.53622
0.53356
0.52958
0.53539
0.53993
0.53271
0.53116
0.53404
0.54095
0.53792
0.53628
0.53601
0.54052
0.53362
0.53662
0.53576
0.53484
0.54127
0.5343
0.54073
0.53769
0.5449
0.54029
0.54455
0.53818
0.53724
0.53942
0.54204
0.54613
0.54457
0.54138
0.54313
0.54267
0.54412
0.54346
0.54408
0.54744
0.54677
0.54844
0.54917
0.54711
0.54569
0.54838
0.54871
0.54634
0.55167
0.54974
0.54887
0.55254
0.54388
0.54915
0.55189
0.5518
0.54522
0.54914
0.55454
0.55007
0.54781
0.55354
0.54877
0.54822
0.5556
0.55331
0.55378
0.54843
0.54955
0.55372
0.54919
0.55053
0.55194
0.55816
0.55908
0.55717
0.55152
0.55403
0.55155
0.55071
0.55495
0.55197
0.55541
0.55216
0.55844
0.55394
0.55678
0.55678
0.56285
0.55576
0.55934
0.55576
0.55712
0.55537
0.55911
0.56513
0.5567
0.55618
0.55838
0.56193
0.56299
0.56047
0.55835
0.56414
0.56546
0.55839
0.56116
0.56477
0.55996
0.56901
0.56012
0.56044
0.56367
0.56027
0.56791
0.56545
0.56603
0.56338
0.56346
0.56574
0.57137
0.56623
0.56722
0.56991
0.56736
0.57316
0.56953
0.56999
0.56883
0.56994
0.56621
0.56801
0.57513
0.57268
0.57111
0.57295
0.57255
0.57251
0.57208
0.57401
0.57122
0.56893
0.57347
0.57421
0.57519
0.57862
0.57252
0.57642
0.57383
0.57443
0.57627
0.5729
0.57907
0.57251
0.57719
0.57315
0.57733
0.57729
0.57313
0.57778
0.57704
0.57838
0.57564
0.57798
0.58055
0.57814
0.57755
0.5835
0.58407
0.58474
0.57971
0.57698
0.5819
0.57902
0.58073
0.57797
0.58146
0.58133
0.57839
0.58016
0.58705
0.58034
0.58028
0.58193
0.58571
0.58191
0.58709
0.58735
0.58671
0.58249
0.58817
0.58441
0.58629
0.59111
0.58648
0.58914
0.58896
0.59135
0.58577
0.58535
0.5869
0.59279
0.5898
0.58459
0.59169
0.5917
0.58838
0.58525
0.59079
0.58915
0.58806
0.58932
0.58839
0.58992
0.59395
0.59058
0.59573
0.58949
0.59455
0.59604
0.59421
0.59473
0.59785
0.59274
0.59317
0.59589
0.59877
0.59168
0.59896
0.59743
0.5992
0.59936
0.59799
0.60056
0.59826
0.60022
0.59802
0.59928
0.59535
0.59989
0.59858
0.60216
0.59733
0.596
0.60377
0.60059
0.60265
0.59549
0.60267
0.60155
0.60507
0.60242
0.60502
0.6
0.60188
0.60185
0.5985
0.60574
0.60515
0.59891
0.60205
0.60324
0.60572
0.60727
0.60032
0.60095
0.60465
0.60734
0.60229
0.60993
0.60863
0.60629
0.60881
0.60724
0.61184
0.60775
0.60316
0.60743
0.61189
0.6079
0.61078
0.60746
0.60809
0.60621
0.61038
0.61281
0.61509
0.60858
0.61262
0.60892
0.60733
0.6079
0.61223
0.61663
0.61031
0.60762
0.60983
0.61687
0.61373
0.61819
0.61035
0.61359
0.61464
0.61173
0.61385
0.61469
0.61082
0.61268
0.62004
0.61336
0.61432
0.6121
0.62074
0.61496
0.61367
0.61488
0.61368
0.61413
0.623
0.61698
0.61968
0.6147
0.61746
0.62318
0.62331
0.6226
0.61788
0.61962
0.62294
0.62084
0.62467
0.61645
0.62401
0.6168
0.62117
0.61826
0.62106
0.62006
0.62092
0.62482
0.62308
0.62182
0.621
0.62768
0.62404
0.62084
0.62828
0.62174
0.62328
0.62591
0.62428
0.63018
0.62679
0.62989
0.63001
0.62386
0.62929
0.62551
0.63015
0.63176
0.62795
0.62769
0.62773
0.62641
0.62673
0.63177
0.62672
0.63297
0.6298
0.62678
0.63123
0.62732
0.62702
0.63193
0.62729
0.62729
0.63199
0.62919
0.63072
0.62897
0.63244
0.63275
0.63474
0.63229
0.63498
0.63836
0.63335
0.63689
0.63189
0.63498
0.63068
0.63736
0.6388
0.63183
0.63769
0.63129
0.63577
0.63167
0.63626
0.63984
0.63736
0.63845
0.63292
0.63331
0.63903
0.63991
0.6427
0.63915
0.6351
0.63895
0.63977
0.64226
0.64042
0.63823
0.63791
0.64301
0.64569
0.6434
0.63705
0.64486
0.63752
0.64017
0.64237
0.64468
0.64443
0.64348
0.64358
0.64303
0.64639
0.64849
0.63935
0.64049
0.64338
0.64906
0.64441
0.64343
0.6447
0.64131
0.64929
0.65024
0.65056
0.64553
0.64383
0.64562
0.65121
0.65097
0.65138
0.64703
0.65234
0.64456
0.64981
0.65381
0.65153
0.65159
0.65077
0.64809
0.64843
0.6545
0.64952
0.65112
0.64751
0.65114
0.6522
0.65427
0.65222
0.64911
0.64846
0.65553
0.64799
0.65143
0.64893
0.64953
0.65354
0.65097
0.65074
0.6551
0.6573
0.65178
0.65229
0.65096
0.65463
0.66
0.65942
0.65601
0.65814
0.65797
0.65288
0.65461
0.66168
0.66161
0.65765
0.65658
0.65322
0.65788
0.66274
0.65986
0.66316
0.66074
0.65582
0.66137
0.66424
0.65937
0.66184
0.66157
0.66143
0.65664
0.66478
0.65893
0.66414
0.66555
0.65946
0.665
0.66222
0.66044
0.66187
0.66245
0.66031
0.66492
0.66134
0.66334
0.66882
0.65964
0.66752
0.66316
0.66199
0.66203
0.66322
0.66648
0.6695
0.67014
0.66365
0.66823
0.66651
0.66646
0.66652
0.66482
0.66431
0.67225
0.67225
0.67036
0.66733
0.66807
0.66405
0.66655
0.66429
0.67186
0.66447
0.67341
0.66692
0.67083
0.66684
0.67467
0.66802
0.67305
0.67032
0.67594
0.67023
0.67409
0.67173
0.66897
0.67618
0.67255
0.67279
0.67072
0.67728
0.67256
0.67213
0.67306
0.66934
0.67838
0.66984
0.67161
0.67844
0.67816
0.67117
0.67504
0.67583
0.6717
0.67954
0.67375
0.67336
0.67552
0.67529
0.67767
0.67519
0.67359
0.68224
0.67578
0.67354
0.67672
0.67525
0.67973
0.68382
0.68031
0.67937
0.68262
0.68224
0.67536
0.68085
0.67949
0.68053
0.67713
0.68325
0.67719
0.68543
0.67786
0.68531
0.68375
0.68005
0.68263
0.68705
0.67856
0.68251
0.68311
0.68686
0.6791
0.68871
0.68741
0.68631
0.68685
0.68782
0.68758
0.68176
0.68326
0.68461
0.6875
0.68215
0.68857
0.68453
0.68156
0.68731
0.69045
0.68534
0.68713
0.69209
0.68905
0.68792
0.68932
0.68396
0.68565
0.68365
0.68697
0.69192
0.68673
0.688
0.68946
0.69392
0.68909
0.69368
0.6894
0.69134
0.69095
0.68938
0.69069
0.69016
0.68676
0.68957
0.69015
0.68753
0.68852
0.69248
0.69649
0.69434
0.69082
0.69466
0.68999
0.6897
0.68913
0.69765
0.69765
0.69627
0.69818
0.69507
0.69003
0.69297
0.69781
0.69354
0.69497
0.69306
0.69949
0.69735
0.69533
0.70165
0.69504
0.70192
0.69848
0.69457
0.69664
0.69682
0.69831
0.69868
0.70029
0.70136
0.69599
0.70206
0.69776
0.70328
0.69622
0.70301
0.70487
0.69949
0.69982
0.69637
0.69946
0.69684
0.70296
0.69749
0.70366
0.7034
0.70364
0.69862
0.70427
0.70105
0.69948
0.70507
0.70396
0.70317
0.69928
0.7025
0.70114
0.70577
0.70584
0.70472
0.70651
0.70208
0.70715
0.70078
0.7071
0.70104
0.70679
0.70879
0.70177
0.70713
0.7075
0.70244
0.70519
0.71168
0.70565
0.70414
0.70325
0.70774
0.7057
0.71222
0.71176
0.71147
0.70712
0.7135
0.71085
0.70976
0.70991
0.7062
0.71238
0.70624
0.70678
0.71023
0.71286
0.71312
0.71197
0.71272
0.70787
0.71356
0.71547
0.71388
0.7088
0.71366
0.70849
0.71109
0.71656
0.70998
0.71569
0.70978
0.71624
0.71162
0.71544
0.70991
0.71249
0.71051
0.71576
0.71409
0.71815
0.71854
0.71432
0.71756
0.7116
0.71987
0.72001
0.71775
0.71704
0.71825
0.71371
0.71349
0.72108
0.72129
0.72149
0.72172
0.71847
0.71543
0.72069
0.71588
0.71461
0.721
0.71442
0.72072
0.72172
0.71974
0.72376
0.71684
0.72446
0.72395
0.71632
0.71735
0.71796
0.71719
0.71705
0.71755
0.7185
0.72342
0.72143
0.72027
0.71799
0.72385
0.72053
0.72101
0.71819
0.72341
0.72385
0.7204
0.72047
0.72797
0.72682
0.72739
0.72065
0.72377
0.72123
0.72226
0.72075
0.72881
0.72758
0.72553
0.72897
0.72915
0.72477
0.7239
0.72584
0.72199
0.72789
0.72552
0.72445
0.7237
0.72495
0.73134
0.72579
0.72841
0.72473
0.72569
0.73191
0.7267
0.72594
0.7245
0.72959
0.72463
0.73042
0.73045
0.73135
0.72699
0.72717
0.72986
0.72743
0.72796
0.73121
0.73447
0.73184
0.72985
0.73163
0.73533
0.734
0.73581
0.7307
0.72807
0.73145
0.72818
0.73047
0.73737
0.73231
0.72936
0.73674
0.7353
0.73606
0.73649
0.73627
0.73365
0.73195
0.73656
0.73561
0.73575
0.73078
0.73432
0.73919
0.7311
0.73361
0.73381
0.73165
0.73727
0.73487
0.73503
0.73844
0.73677
0.73227
0.73311
0.73317
0.74137
0.73475
0.74097
0.73803
0.73552
0.73824
0.74303
0.74199
0.73712
0.73631
0.736
0.73778
0.74452
0.74395
0.74075
0.7367
0.74288
0.73593
0.74392
0.74573
0.73606
0.74394
0.73904
0.74598
0.74451
0.74329
0.74587
0.73996
0.74633
0.74043
0.74177
0.74362
0.74651
0.73822
0.74749
0.74628
0.74804
0.74359
0.74249
0.74814
0.74019
0.7479
0.74309
0.74933
0.74516
0.743
0.7483
0.7457
0.74852
0.74255
0.74531
0.74754
0.74382
0.74833
0.74952
0.7484
0.74622
0.75044
0.74518
0.74809
0.74864
0.74643
0.75198
0.746
0.74328
0.75046
0.74528
0.75015
0.75164
0.74855
0.75377
0.74802
0.74832
0.74876
0.74603
0.75142
0.75327
0.74698
0.74782
0.74714
0.75499
0.75402
0.74607
0.7465
0.75524
0.74711
0.74899
0.74689
0.7496
0.75191
0.75235
0.74889
0.74847
0.75576
0.75085
0.75223
0.75064
0.7507
0.75535
0.75811
0.74916
0.75148
0.75822
0.75223
0.75523
0.75414
0.75108
0.75531
0.75754
0.75176
0.75772
0.75891
0.76013
0.75681
0.75772
0.75949
0.75801
0.75762
0.76014
0.76137
0.75205
0.76184
0.76191
0.76024
0.76048
0.75382
0.75613
0.7621
0.75629
0.75921
0.7602
0.76365
0.75893
0.75945
0.75998
0.75563
0.75991
0.75706
0.76231
0.76213
0.76
0.76048
0.76527
0.75618
0.76152
0.76366
0.75993
0.75693
0.76453
0.76463
0.76548
0.75914
0.76118
0.7601
0.76323
0.76663
0.76193
0.76029
0.76428
0.76298
0.76791
0.76401
0.76617
0.7683
0.7594
0.76851
0.76407
0.76371
0.76582
0.76721
0.76513
0.76276
0.76736
0.76708
0.76584
0.76152
0.76483
0.76676
0.76856
0.76327
0.7641
0.76364
0.76651
0.76315
0.76376
0.76696
0.76398
0.76585
0.77002
0.76766
0.76355
0.76372
0.7698
0.76763
0.76596
0.77082
0.76778
0.76671
0.77366
0.7697
0.76487
0.76728
0.76451
0.77399
0.77104
0.77245
0.76672
0.7658
0.76713
0.77067
0.77131
0.76857
0.76784
0.7672
0.77421
0.76667
0.76656
0.77041
0.76856
0.77184
0.77292
0.76877
0.76795
0.76843
0.77363
0.77225
0.76796
0.77393
0.77424
0.77334
0.77273
0.77234
0.773
0.77464
0.77442
0.77865
0.77246
0.77767
0.77557
0.7759
0.77522
0.77908
0.77489
0.77288
0.77564
0.77826
0.77785
0.77099
0.77239
0.77813
0.77459
0.7792
0.77489
0.77728
0.78145
0.78073
0.77514
0.77637
0.77316
0.78149
0.77436
0.78227
0.77828
0.7779
0.77697
0.77727
0.78362
0.77426
0.78012
0.78094
0.78096
0.78153
0.77726
0.7791
0.78249
0.77635
0.78077
0.78402
0.77601
0.78385
0.78504
0.78013
0.78155
0.7786
0.78205
0.77756
0.78361
0.78191
0.78499
0.77897
0.78342
0.78108
0.78153
0.78495
0.78659
0.7864
0.77909
0.78212
0.77834
0.7849
0.786
0.78608
0.78826
0.78382
0.78498
0.78176
0.781
0.78376
0.78619
0.78255
0.78753
0.78708
0.78873
0.78795
0.78652
0.78992
0.78449
0.78587
0.7885
0.79052
0.78209
0.79025
0.78998
0.78521
0.78285
0.78838
0.78268
0.78816
0.79077
0.78463
0.78586
0.78497
0.79208
0.78772
0.78617
0.79234
0.7884
0.78567
0.79145
0.78662
0.78908
0.79015
0.79265
0.79104
0.79021
0.78919
0.78795
0.79094
0.78536
0.79508
0.78542
0.7879
0.78675
0.78877
0.79126
0.79147
0.795
0.78655
0.78984
0.78754
0.79459
0.79056
0.78821
0.79645
0.79367
0.79678
0.79588
0.79607
0.78862
0.79111
0.79289
0.79212
0.79187
0.79799
0.79696
0.7965
0.79001
0.7953
0.79039
0.79538
0.79658
0.79383
0.79748
0.79659
0.79122
0.7984
0.79444
0.79715
0.79609
0.79797
0.79602
0.7999
0.79605
0.8008
0.79818
0.7986
0.79653
0.8009
0.79319
0.80113
0.79868
0.79402
0.79904
0.80013
0.79769
0.80239
0.79284
0.8014
0.80226
0.79482
0.80263
0.79697
0.79682
0.80279
0.80096
0.79897
0.7945
0.79647
0.79597
0.79606
0.80372
0.79751
0.79567
0.80212
0.79748
0.80039
0.79676
0.80522
0.80481
0.79863
0.80074
0.7985
0.79704
0.79931
0.79849
0.80486
0.79793
0.79674
0.80235
0.80035
0.79809
0.80197
0.80324
0.80073
0.80443
0.79984
0.80485
0.79988
0.80433
0.80619
0.80022
0.79958
0.80119
0.80015
0.80006
0.80496
0.80667
0.80777
0.80548
0.80044
0.80259
0.80931
0.80423
0.80659
0.80293
0.80432
0.80688
0.80939
0.80479
0.80719
0.80129
0.80287
0.80256
0.80953
0.80208
0.80282
0.80833
0.80345
0.81131
0.80211
0.80382
0.80674
0.80558
0.80556
0.80829
0.80581
0.80284
0.8091
0.80861
0.80978
0.80839
0.8109
0.80953
0.81257
0.80903
0.80479
0.80476
0.80646
0.81387
0.81203
0.81123
0.81433
0.81241
0.80482
0.81152
0.80714
0.81335
0.81099
0.81185
0.81377
0.81057
0.81554
0.81555
0.81334
0.81578
0.8085
0.81388
0.81608
0.81006
0.80945
0.81607
0.81645
0.81099
0.81461
0.81006
0.81609
0.8096
0.80928
0.81385
0.80839
0.81181
0.81487
0.8151
0.81372
0.81225
0.80958
0.81875
0.81144
0.81333
0.81818
0.81049
0.81383
0.81191
0.81209
0.81168
0.81903
0.81092
0.81167
0.8189
0.81251
0.81587
0.81109
0.81237
0.81234
0.8191
0.8147
0.81239
0.81238
0.81616
0.81558
0.81174
0.81708
0.81556
0.81673
0.82007
0.81973
0.8162
0.81421
0.82202
0.81833
0.81481
0.81593
0.81817
0.82166
0.81675
0.81734
0.82068
0.81695
0.81744
0.81405
0.81986
0.81465
0.82296
0.81664
0.81901
0.81884
0.8229
0.81841
0.82167
0.82013
0.81549
0.81981
0.82097
0.82063
0.82171
0.81841
0.81963
0.81837
0.82351
0.82312
0.81673
0.82335
0.82651
0.82233
0.82046
0.82092
0.8252
0.82391
0.82181
0.82194
0.82157
0.82743
0.82515
0.82336
0.81938
0.82302
0.82411
0.81958
0.8229
0.82593
0.82756
0.82811
0.8257
0.8199
0.82346
0.82079
0.8232
0.82645
0.81972
0.8288
0.82473
0.82425
0.82316
0.82574
0.822
0.82967
0.82095
0.82871
0.83031
0.82306
0.82341
0.82378
0.82837
0.82871
0.82375
0.828
0.82564
0.82859
0.82476
0.8311
0.82965
0.83178
0.82345
0.82311
0.83201
0.82884
0.83057
0.82941
0.83222
0.82629
0.82748
0.8288
0.82955
0.82944
0.82683
0.82756
0.83079
0.83355
0.82531
0.82526
0.83009
0.82894
0.83257
0.82582
0.82478
0.82877
0.83262
0.83101
0.83493
0.82883
0.82568
0.82677
0.82604
0.83351
0.8341
0.83054
0.83537
0.83234
0.82848
0.83575
0.82799
0.83613
0.8329
0.82931
0.83543
0.83573
0.83521
0.83225
0.83074
0.82786
0.83494
0.83543
0.8357
0.82933
0.82852
0.83281
0.82978
0.83306
0.83789
0.83221
0.83703
0.82976
0.8337
0.82949
0.83861
0.82927
0.83295
0.83134
0.83237
0.83779
0.83356
0.83673
0.8301
0.83158
0.83596
0.83841
0.83557
0.83141
0.83959
0.83314
0.83173
0.83926
0.83633
0.84079
0.84009
0.8342
0.84085
0.83579
0.83807
0.83686
0.8385
0.83655
0.83282
0.83386
0.84116
0.83489
0.83928
0.83452
0.83784
0.83438
0.83842
0.83882
0.84139
0.83849
0.84212
0.83655
0.83738
0.8384
0.83565
0.83589
0.83915
0.84378
0.83461
0.83492
0.84237
0.83944
0.83751
0.83925
0.8402
0.83701
0.83595
0.84085
0.83829
0.84093
0.84295
0.84267
0.83954
0.83744
0.84165
0.84329
0.83829
0.83777
0.84424
0.83998
0.8446
0.84235
0.84587
0.84382
0.84348
0.83718
0.84564
0.84334
0.84148
0.84416
0.84039
0.84285
0.84386
0.8412
0.83951
0.84238
0.83857
0.83912
0.84024
0.84234
0.8411
0.83913
0.84795
0.84136
0.84765
0.84473
0.84838
0.8428
0.84557
0.84184
0.84339
0.84333
0.84367
0.84219
0.84943
0.84616
0.84745
0.84322
0.84385
0.847
0.84116
0.84288
0.84155
0.84483
0.84222
0.84219
0.8479
0.84485
0.85001
0.85042
0.84898
0.84258
0.84577
0.84556
0.84772
0.85068
0.85151
0.84729
0.8433
0.84378
0.84458
0.85156
0.84495
0.84643
0.8439
0.84374
0.84325
0.84859
0.8515
0.84857
0.8484
0.85327
0.84354
0.84406
0.84926
0.84982
0.85346
0.84621
0.85229
0.84737
0.84793
0.85082
0.85184
0.84513
0.8477
0.85276
0.84896
0.85325
0.85066
0.84519
0.84832
0.84669
0.84753
0.85205
0.84748
0.85005
0.85172
0.84783
0.85281
0.85183
0.85357
0.84934
0.85394
0.8523
0.84729
0.85311
0.85608
0.85226
0.85294
0.85044
0.8504
0.85178
0.85537
0.85494
0.85642
0.85405
0.84841
0.85436
0.85423
0.85749
0.85674
0.84932
0.84973
0.85491
0.85498
0.85323
0.85214
0.85765
0.85707
0.85827
0.84961
0.85828
0.85814
0.85139
0.85102
0.85161
0.85314
0.8581
0.85814
0.85801
0.85965
0.85021
0.8534
0.85529
0.85211
0.85701
0.85343
0.85773
0.85364
0.85975
0.8521
0.85255
0.85414
0.85908
0.85427
0.86052
0.85387
0.85556
0.86097
0.86116
0.85286
0.8609
0.86004
0.86064
0.85477
0.86041
0.85737
0.85283
0.85445
0.85401
0.85413
0.85935
0.86211
0.85485
0.85795
0.85638
0.86129
0.8612
0.85511
0.85871
0.85825
0.86067
0.85682
0.85996
0.85618
0.858
0.86105
0.85765
0.85554
0.86181
0.8595
0.85622
0.86428
0.85662
0.85846
0.85783
0.86339
0.85925
0.86081
0.86344
0.86456
0.85999
0.85567
0.85907
0.86229
0.85597
0.8654
0.8632
0.86061
0.86617
0.85939
0.86575
0.85917
0.86483
0.86671
0.86149
0.85779
0.86591
0.8621
0.85863
0.8574
0.86617
0.85797
0.86316
0.85978
0.85784
0.8654
0.86054
0.86787
0.86741
0.85892
0.86313
0.8584
0.85903
0.86082
0.86311
0.86351
0.86671
0.86068
0.86467
0.86716
0.86785
0.86457
0.86126
0.863
0.86529
0.86885
0.86279
0.86671
0.86853
0.86863
0.86848
0.86783
0.86035
0.86431
0.86661
0.86731
0.86481
0.8696
0.86529
0.86624
0.86523
0.86307
0.86409
0.86303
0.86733
0.86528
0.8704
0.8617
0.8709
0.86516
0.87139
0.86201
0.87136
0.86799
0.87047
0.86755
0.86399
0.87194
0.86904
0.86264
0.86596
0.87061
0.86293
0.86936
0.87256
0.86681
0.86454
0.86418
0.86348
0.86807
0.86873
0.86515
0.8727
0.86556
0.87231
0.86984
0.87067
0.8674
0.86664
0.8712
0.8689
0.86984
0.8667
0.865
0.86594
0.86889
0.87313
0.8713
0.87473
0.86875
0.87253
0.87351
0.87097
0.86903
0.86614
0.86566
0.87406
0.87204
0.8715
0.87138
0.87046
0.87032
0.87449
0.86775
0.86906
0.86734
0.87459
0.87559
0.87108
0.86933
0.87488
0.8717
0.86865
0.87189
0.87156
0.87589
0.8674
0.8715
0.87699
0.87719
0.86771
0.87154
0.87652
0.87594
0.87796
0.87341
0.87325
0.86856
0.87544
0.87411
0.87461
0.87355
0.87675
0.87545
0.87756
0.87159
0.87056
0.86933
0.87058
0.87632
0.87018
0.87213
0.87127
0.87271
0.8736
0.87745
0.87085
0.87268
0.87852
0.87271
0.8744
0.87453
0.87509
0.87792
0.87293
0.87887
0.87626
0.87472
0.88074
0.87538
0.87604
0.87601
0.8725
0.87336
0.87533
0.8799
0.87638
0.87906
0.87554
0.87243
0.87568
0.87886
0.87816
0.87471
0.87729
0.87589
0.87259
0.8729
0.87291
0.87647
0.87768
0.88007
0.87552
0.8743
0.88121
0.88049
0.87643
0.8761
0.87849
0.88168
0.87976
0.87394
0.87483
0.87886
0.88147
0.88006
0.88162
0.87888
0.87821
0.8773
0.87694
0.87564
0.88054
0.88014
0.87632
0.88174
0.87955
0.88334
0.88331
0.87985
0.87621
0.8838
0.8833
0.88108
0.87711
0.87868
0.87856
0.88154
0.88022
0.88368
0.87734
0.87718
0.87945
0.87606
0.88195
0.8837
0.88152
0.88554
0.8777
0.87792
0.88091
0.88096
0.88245
0.88416
0.8862
0.8816
0.88673
0.88019
0.87827
0.87735
0.88194
0.88608
0.88437
0.87936
0.8838
0.88342
0.8834
0.87972
0.88619
0.8849
0.87892
0.88307
0.88537
0.88005
0.87882
0.88589
0.8857
0.88119
0.88312
0.88673
0.88651
0.88145
0.88627
0.88878
0.8835
0.88139
0.87941
0.8859
0.88896
0.88413
0.881
0.88684
0.88023
0.88263
0.88853
0.88221
0.88574
0.88095
0.88662
0.88908
0.88833
0.8837
0.88253
0.88787
0.88901
0.88157
0.8817
0.88754
0.88291
0.88445
0.88992
0.88502
0.88415
0.88471
0.88921
0.88369
0.88614
0.88764
0.88449
0.88621
0.88776
0.89027
0.88817
0.89066
0.88678
0.88914
0.88906
0.88888
0.89017
0.88986
0.88507
0.88825
0.89175
0.88886
0.8839
0.89124
0.89012
0.88855
0.88733
0.88578
0.89174
0.88393
0.88768
0.88864
0.89215
0.88579
0.88948
0.88917
0.88876
0.88829
0.89276
0.88449
0.89186
0.88801
0.89313
0.88955
0.88536
0.88973
0.89339
0.88761
0.89228
0.88723
0.89154
0.88552
0.89133
0.89175
0.88776
0.88527
0.88579
0.88971
0.88885
0.89139
0.89073
0.89305
0.88604
0.89143
0.89436
0.8908
0.89034
0.88821
0.89118
0.89214
0.89566
0.8906
0.88679
0.89292
0.89517
0.89302
0.89082
0.89017
0.88816
0.88968
0.89669
0.88971
0.8947
0.89054
0.89442
0.88988
0.88874
0.88949
0.89406
0.89205
0.89209
0.89615
0.89151
0.88916
0.89764
0.89404
0.89397
0.89761
0.89653
0.88947
0.89059
0.89835
0.89574
0.89091
0.89406
0.88886
0.89293
0.89523
0.89322
0.89485
0.8922
0.89173
0.89917
0.89323
0.89409
0.89313
0.89888
0.89458
0.89901
0.89953
0.89332
0.89334
0.8983
0.89827
0.89446
0.89853
0.89496
0.89044
0.89778
0.89764
0.8931
0.89839
0.89316
0.89182
0.89835
0.89134
0.89498
0.89505
0.89839
0.89172
0.89494
0.89727
0.89313
0.89336
0.89957
0.89857
0.89248
0.90017
0.89717
0.89702
0.89579
0.90036
0.90032
0.8939
0.89423
0.89531
0.90104
0.89295
0.89683
0.8954
0.89992
0.89267
0.89601
0.89588
0.89708
0.89651
0.89293
0.9006
0.89597
0.9015
0.89697
0.90063
0.89589
0.90188
0.90121
0.90262
0.90017
0.9021
0.89549
0.89556
0.89455
0.90375
0.89908
0.90176
0.89871
0.89862
0.89539
0.90068
0.90292
0.90399
0.90375
0.9005
0.90409
0.90078
0.89564
0.90135
0.89971
0.89736
0.89761
0.8988
0.90144
0.89622
0.89679
0.89641
0.90276
0.90356
0.90539
0.9029
0.90132
0.89789
0.89835
0.89587
0.90065
0.89646
0.90281
0.90061
0.89834
0.89632
0.89794
0.90502
0.90635
0.89801
0.90589
0.90394
0.89912
0.90421
0.89898
0.90212
0.89744
0.90487
0.89746
0.90634
0.89749
0.89871
0.89903
0.89871
0.90567
0.90135
0.89898
0.90191
0.90742
0.90106
0.90761
0.90486
0.8982
0.89867
0.90113
0.90219
0.90783
0.90465
0.90672
0.90029
0.90192
0.90055
0.90634
0.90852
0.90007
0.89917
0.90263
0.90215
0.90868
0.90383
0.90296
0.90243
0.9053
0.90832
0.90847
0.90833
0.90747
0.90412
0.90934
0.90423
0.90755
0.90067
0.90609
0.90428
0.90479
0.90332
0.90278
0.90676
0.90753
0.90787
0.90907
0.90529
0.90394
0.90786
0.90348
0.90708
0.90896
0.90906
0.90106
0.90983
0.90755
0.9074
0.90233
0.90583
0.90147
0.90978
0.90163
0.90393
0.90773
0.90235
0.90807
0.90655
0.90642
0.90842
0.90719
0.90856
0.90556
0.90246
0.90931
0.9107
0.90398
0.91196
0.91144
0.90551
0.90614
0.90995
0.90313
0.90333
0.90731
0.91201
0.90774
0.90945
0.90513
0.90847
0.90495
0.90946
0.90646
0.90425
0.91289
0.90864
0.90945
0.90699
0.90844
0.90752
0.90432
0.91087
0.90788
0.90935
0.91004
0.90853
0.90804
0.90675
0.90572
0.90805
0.9083
0.91171
0.90586
0.91202
0.90914
0.90888
0.90463
0.90793
0.91063
0.90576
0.9058
0.9107
0.91334
0.90589
0.91455
0.90678
0.9054
0.90896
0.90618
0.91406
0.91278
0.91032
0.91514
0.91027
0.90779
0.91476
0.91196
0.91293
0.90699
0.90775
0.91042
0.91577
0.9132
0.90935
0.91118
0.91293
0.90728
0.91153
0.90697
0.90938
0.9072
0.90974
0.90941
0.9116
0.90853
0.91116
0.90959
0.91471
0.9122
0.90918
0.91558
0.90862
0.90936
0.91456
0.91141
0.91036
0.9085
0.91673
0.91695
0.90983
0.90927
0.91472
0.90911
0.9088
0.91259
0.91678
0.91522
0.91154
0.91761
0.91599
0.91215
0.90844
0.91487
0.91127
0.91131
0.91288
0.91065
0.91806
0.91551
0.91089
0.91099
0.91211
0.90932
0.9172
0.91696
0.91718
0.91046
0.9139
0.91195
0.91749
0.91765
0.91744
0.91292
0.91269
0.91792
0.91098
0.91265
0.91183
0.91062
0.91358
0.9156
0.91323
0.9129
0.91803
0.91679
0.91505
0.91789
0.9174
0.9112
0.91268
0.91231
0.91877
0.91437
0.91389
0.91122
0.91426
0.91912
0.91995
0.91627
0.91402
0.91636
0.9158
0.91202
0.91322
0.91209
0.9135
0.92081
0.91768
0.91422
0.91488
0.91213
0.9206
0.91613
0.91996
0.9137
0.91266
0.91726
0.91238
0.91243
0.91651
0.91433
0.91615
0.91757
0.92203
0.91761
0.91527
0.92191
0.9162
0.91665
0.91952
0.92263
0.9146
0.91801
0.91839
0.91525
0.91605
0.91803
0.91462
0.92231
0.91866
0.92065
0.92273
0.92214
0.91485
0.92216
0.9204
0.92233
0.9168
0.92286
0.92294
0.92372
0.91645
0.91664
0.91416
0.91819
0.92166
0.9197
0.92285
0.92337
0.91816
0.91617
0.91892
0.91749
0.92347
0.91517
0.91538
0.91825
0.91712
0.91891
0.91632
0.92122
0.92199
0.92316
0.92426
0.91658
0.92391
0.91985
0.91777
0.91782
0.92302
0.91824
0.92153
0.92315
0.92483
0.92315
0.92443
0.92224
0.92378
0.91658
0.92586
0.92019
0.92604
0.91741
0.9201
0.92562
0.91994
0.92092
0.9191
0.91736
0.91818
0.92336
0.92538
0.92161
0.92109
0.91697
0.91757
0.92684
0.91739
0.92663
0.92167
0.92628
0.92329
0.92629
0.92426
0.92478
0.92107
0.92124
0.92579
0.92416
0.92608
0.9222
0.92576
0.92011
0.91976
0.92367
0.92771
0.92723
0.92779
0.92716
0.92285
0.92164
0.92656
0.9222
0.91962
0.92039
0.92675
0.91959
0.92051
0.92742
0.92485
0.91872
0.92505
0.91991
0.92462
0.92779
0.92145
0.9213
0.92104
0.92074
0.92878
0.92517
0.92316
0.92287
0.92173
0.92295
0.92752
0.92015
0.92069
0.9237
0.92862
0.9252
0.92515
0.92424
0.92277
0.92087
0.92304
0.92465
0.92775
0.92366
0.92016
0.9277
0.92357
0.92677
0.92608
0.92139
0.92226
0.92166
0.9277
0.92688
0.92465
0.92232
0.9304
0.92308
0.92381
0.92509
0.92217
0.92295
0.9226
0.92359
0.92456
0.93025
0.92558
0.93122
0.92409
0.92705
0.92843
0.9244
0.92422
0.92893
0.92923
0.92918
0.92303
0.92817
0.92411
0.92558
0.92612
0.92421
0.92865
0.93051
0.92367
0.92856
0.92285
0.92676
0.9279
0.92598
0.93026
0.92477
0.92886
0.93099
0.92966
0.92807
0.92863
0.92838
0.92913
0.92358
0.9236
0.93013
0.92496
0.92301
0.92406
0.93292
0.92685
0.92657
0.926
0.92431
0.93247
0.93288
0.92958
0.92916
0.93113
0.92392
0.93169
0.93335
0.92495
0.9324
0.9311
0.92841
0.92705
0.92629
0.9312
0.92426
0.93379
0.9306
0.92976
0.92971
0.92532
0.93246
0.9296
0.92595
0.93331
0.93084
0.9325
0.92627
0.93328
0.9287
0.92946
0.93067
0.92518
0.93128
0.93393
0.92597
0.9299
0.92848
0.92913
0.93516
0.934
0.93507
0.93018
0.92738
0.92605
0.93076
0.92914
0.92571
0.93086
0.92895
0.92678
0.9317
0.93384
0.93502
0.92688
0.92956
0.9348
0.93091
0.92916
0.93499
0.93412
0.93501
0.935
0.93137
0.93013
0.93266
0.9283
0.93345
0.92846
0.9284
0.92831
0.93425
0.92858
0.9291
0.93389
0.93603
0.92691
0.93219
0.92994
0.92894
0.92963
0.92798
0.93606
0.92857
0.9342
0.93606
0.93685
0.93451
0.93234
0.93438
0.93587
0.93401
0.9327
0.93349
0.93689
0.92778
0.93066
0.93412
0.9288
0.93644
0.93038
0.93566
0.93689
0.93589
0.92977
0.9341
0.9382
0.93411
0.93272
0.93786
0.93394
0.9289
0.9322
0.93485
0.92865
0.93084
0.93745
0.93574
0.93753
0.92947
0.93242
0.93111
0.93845
0.93844
0.93777
0.93718
0.93376
0.92939
0.9293
0.93012
0.93137
0.93916
0.9366
0.93888
0.93104
0.9311
0.93728
0.93888
0.93224
0.93789
0.93309
0.93075
0.93852
0.93319
0.93543
0.93728
0.93172
0.93541
0.93754
0.93514
0.93873
0.93731
0.93667
0.93777
0.93562
0.93482
0.94014
0.93972
0.93187
0.93723
0.93748
0.93386
0.93385
0.9322
0.93503
0.93716
0.93559
0.93924
0.93924
0.94041
0.93949
0.93209
0.93469
0.93589
0.93895
0.93636
0.93895
0.93894
0.93595
0.9316
0.93703
0.94007
0.93773
0.93569
0.93767
0.93262
0.9388
0.93964
0.93337
0.93557
0.93369
0.9392
0.93655
0.93579
0.93943
0.93993
0.93378
0.9339
0.9399
0.93506
0.93733
0.93752
0.9402
0.93283
0.93942
0.93291
0.93988
0.9393
0.93735
0.93858
0.93667
0.94224
0.94154
0.93416
0.93887
0.94109
0.93355
0.94022
0.94126
0.93703
0.93428
0.93361
0.94128
0.93723
0.94001
0.94159
0.93789
0.94165
0.93492
0.93633
0.93903
0.94127
0.93476
0.93646
0.93385
0.94144
0.93926
0.93547
0.94259
0.93589
0.93522
0.94367
0.9418
0.94172
0.93653
0.93994
0.94326
0.94386
0.94367
0.93961
0.93785
0.94027
0.94254
0.93613
0.94413
0.9388
0.94144
0.94178
0.94097
0.94128
0.9378
0.94092
0.93945
0.94021
0.93826
0.93833
0.944
0.93917
0.93752
0.94458
0.93737
0.94423
0.94305
0.9416
0.94021
0.93649
0.94225
0.93674
0.93652
0.94356
0.9367
0.94258
0.94145
0.9411
0.9358
0.94498
0.94374
0.94148
0.9395
0.94179
0.93739
0.93865
0.94198
0.93637
0.93953
0.94279
0.9377
0.94313
0.94594
0.93648
0.94579
0.94103
0.93812
0.94226
0.94518
0.94288
0.9413
0.94275
0.9412
0.93804
0.93761
0.93699
0.94232
0.94224
0.94098
0.94076
0.94475
0.9457
0.94425
0.9463
0.94186
0.94679
0.94153
0.94439
0.94294
0.94648
0.94049
0.94718
0.9474
0.94504
0.94043
0.93862
0.94033
0.9425
0.94471
0.94155
0.94429
0.94295
0.94097
0.94039
0.94614
0.9393
0.93899
0.93963
0.94393
0.9428
0.93995
0.94688
0.94669
0.9409
0.94753
0.94099
0.94351
0.94709
0.94148
0.94849
0.94005
0.93899
0.93937
0.94452
0.9438
0.94259
0.94128
0.94314
0.94043
0.94258
0.94133
0.94444
0.93946
0.94777
0.94622
0.94663
0.94149
0.94119
0.94125
0.94718
0.9461
0.94564
0.94742
0.93959
0.94258
0.94491
0.94255
0.94683
0.94087
0.94021
0.94541
0.93983
0.94615
0.94765
0.94263
0.94767
0.9494
0.9431
0.94399
0.94737
0.94246
0.94095
0.94863
0.94662
0.94442
0.94373
0.94942
0.94049
0.94087
0.94304
0.94437
0.94287
0.94854
0.94938
0.94328
0.95028
0.94443
0.94596
0.9508
0.94469
0.94477
0.94118
0.94545
0.94557
0.94195
0.94571
0.94775
0.94972
0.94329
0.94739
0.94172
0.94202
0.94212
0.94242
0.945
0.9455
0.95067
0.94367
0.94972
0.94264
0.94452
0.94545
0.94644
0.94833
0.9453
0.94362
0.94942
0.94877
0.94968
0.95162
0.94694
0.94263
0.94898
0.9451
0.95002
0.94562
0.9472
0.94449
0.94965
0.95061
0.94508
0.94374
0.94837
0.94694
0.9504
0.95043
0.95158
0.9436
0.94581
0.9478
0.94449
0.94701
0.94614
0.94469
0.94347
0.94828
0.94396
0.95029
0.94723
0.94533
0.94328
0.94478
0.9528
0.95259
0.94385
0.94681
0.94794
0.94612
0.95288
0.95177
0.94373
0.94654
0.94478
0.95
0.95271
0.9458
0.94528
0.94555
0.95007
0.94494
0.95363
0.94683
0.94547
0.94813
0.9514
0.94608
0.94666
0.9453
0.94422
0.94712
0.94815
0.95262
0.94771
0.94558
0.95285
0.94811
0.94661
0.94597
0.94553
0.95042
0.94698
0.95055
0.94624
0.95058
0.94649
0.94641
0.95406
0.95078
0.95265
0.95361
0.95006
0.9467
0.94563
0.9495
0.9453
0.95495
0.9544
0.95189
0.95183
0.9501
0.95378
0.94678
0.95014
0.94574
0.95527
0.94952
0.9474
0.94844
0.95474
0.95302
0.95468
0.94645
0.94832
0.94983
0.95409
0.94937
0.95483
0.95343
0.95448
0.94879
0.95029
0.95397
0.94768
0.94861
0.95442
0.95568
0.95526
0.95414
0.95555
0.94694
0.95379
0.95111
0.94686
0.949
0.95283
0.95484
0.95306
0.95227
0.95127
0.95042
0.94994
0.95098
0.95324
0.95131
0.95098
0.95002
0.95474
0.94823
0.95036
0.95622
0.94698
0.95405
0.95191
0.95606
0.95524
0.95445
0.9499
0.95265
0.94844
0.94806
0.95529
0.95622
0.95188
0.95529
0.95333
0.95121
0.95093
0.94987
0.94815
0.94764
0.95309
0.95335
0.95037
0.94982
0.95078
0.95687
0.95067
0.95148
0.95108
0.95699
0.95116
0.95049
0.95077
0.94959
0.95358
0.95676
0.95018
0.9533
0.95325
0.95549
0.95171
0.95558
0.9555
0.9545
0.94905
0.94994
0.95375
0.95
0.95602
0.95005
0.95662
0.95712
0.95467
0.95139
0.95139
0.95745
0.95478
0.95568
0.95675
0.95554
0.95316
0.95341
0.95421
0.95231
0.95132
0.95473
0.95657
0.95023
0.95445
0.94931
0.95699
0.95594
0.94996
0.95688
0.95266
0.95719
0.95655
0.95019
0.95812
0.95139
0.95886
0.9587
0.95031
0.95258
0.95196
0.95739
0.95675
0.95907
0.95468
0.95531
0.95308
0.95072
0.95852
0.95924
0.95003
0.9538
0.95155
0.95315
0.95659
0.95725
0.95018
0.95079
0.95316
0.9524
0.95846
0.95121
0.95943
0.95956
0.95605
0.95178
0.95333
0.9538
0.95136
0.95817
0.96009
0.95827
0.95192
0.95656
0.959
0.95174
0.95635
0.95276
0.95732
0.95206
0.95996
0.9591
0.95276
0.95626
0.95218
0.95417
0.95639
0.95517
0.95944
0.95515
0.95125
0.95403
0.96058
0.95445
0.95837
0.96101
0.95809
0.95413
0.96054
0.95368
0.95988
0.95652
0.95872
0.9568
0.95538
0.95572
0.96015
0.96087
0.95971
0.9543
0.95618
0.95196
0.95816
0.95221
0.95805
0.95343
0.95199
0.9549
0.95516
0.95369
0.95771
0.95692
0.96195
0.95496
0.95342
0.9534
0.95642
0.95582
0.95682
0.95657
0.95906
0.96146
0.95623
0.96048
0.95343
0.95955
0.96136
0.96052
0.95682
0.95779
0.95626
0.95844
0.95675
0.96207
0.95893
0.95554
0.95985
0.95934
0.95717
0.96225
0.96175
0.96137
0.95439
0.9561
0.95359
0.95625
0.96103
0.95916
0.95376
0.95962
0.96143
0.96291
0.9558
0.96023
0.95854
0.95515
0.95615
0.95517
0.95982
0.95654
0.95596
0.96127
0.9571
0.95967
0.95708
0.95539
0.9632
0.95514
0.96138
0.96089
0.95579
0.95724
0.95973
0.95439
0.96099
0.96326
0.9622
0.95768
0.96214
0.96192
0.95562
0.95761
0.95495
0.95431
0.96263
0.95859
0.95579
0.96111
0.95633
0.95453
0.96369
0.95834
0.96241
0.9597
0.96319
0.9562
0.96134
0.95531
0.96098
0.96273
0.95623
0.95829
0.95691
0.95891
0.95894
0.96093
0.95629
0.96222
0.95952
0.9615
0.96329
0.9567
0.96294
0.95987
0.96323
0.95785
0.95962
0.96316
0.96196
0.95571
0.96026
0.95634
0.96485
0.95861
0.96382
0.96263
0.96446
0.95754
0.95572
0.96148
0.95927
0.96195
0.96443
0.96304
0.96108
0.95636
0.96326
0.96434
0.96186
0.96071
0.96084
0.95747
0.95785
0.95754
0.96295
0.95688
0.96488
0.96032
0.96311
0.96065
0.95842
0.96318
0.95799
0.95993
0.95616
0.95718
0.95763
0.9658
0.96411
0.96363
0.96624
0.96547
0.95875
0.9623
0.95804
0.96434
0.96634
0.96016
0.95677
0.96513
0.96368
0.96386
0.96343
0.96147
0.96341
0.95779
0.96567
0.96517
0.95762
0.95901
0.96377
0.9634
0.96442
0.96394
0.95751
0.95973
0.96561
0.96103
0.95733
0.96197
0.96192
0.96553
0.9625
0.96566
0.96129
0.965
0.96423
0.96593
0.95811
0.96486
0.96354
0.96337
0.95914
0.95863
0.96199
0.96291
0.95876
0.95791
0.95785
0.96309
0.96025
0.96746
0.9609
0.96499
0.96317
0.95899
0.96366
0.96177
0.95878
0.96017
0.96036
0.96594
0.96771
0.96744
0.96469
0.96489
0.96209
0.96088
0.96164
0.9606
0.9652
0.96672
0.96227
0.96168
0.96476
0.96619
0.96692
0.96283
0.96612
0.95957
0.965
0.96124
0.96464
0.96383
0.95892
0.96322
0.96401
0.96741
0.96323
0.96472
0.96545
0.96126
0.96544
0.96464
0.96728
0.96822
0.96828
0.96239
0.96704
0.96367
0.96591
0.96499
0.9665
0.96201
0.96724
0.96053
0.96303
0.9644
0.9647
0.96372
0.96511
0.96209
0.96542
0.96388
0.96124
0.96084
0.96051
0.96336
0.9604
0.9603
0.96865
0.96771
0.96383
0.96378
0.96152
0.96809
0.96486
0.96299
0.96127
0.96434
0.96847
0.96226
0.96432
0.96313
0.96415
0.96635
0.96515
0.96832
0.96803
0.96767
0.96895
0.9634
0.964
0.96475
0.96251
0.96375
0.96165
0.96444
0.96951
0.97014
0.9625
0.9685
0.96262
0.9642
0.961
0.96247
0.96931
0.968
0.96745
0.96704
0.96481
0.96289
0.96439
0.96595
0.96474
0.97029
0.96503
0.96398
0.96532
0.96528
0.9641
0.96994
0.96201
0.96098
0.96848
0.96671
0.96809
0.966
0.968
0.96305
0.96148
0.9631
0.96256
0.96948
0.96468
0.96507
0.96218
0.96398
0.96771
0.96602
0.96152
0.97002
0.9629
0.9698
0.9679
0.96519
0.97115
0.96832
0.96468
0.96571
0.9677
0.96506
0.96292
0.96907
0.9708
0.96228
0.96979
0.96442
0.97157
0.96721
0.96536
0.96713
0.96634
0.966
0.96804
0.96545
0.96404
0.96274
0.97002
0.96324
0.97101
0.97144
0.96708
0.96209
0.96653
0.96217
0.96859
0.96801
0.97036
0.96979
0.96967
0.96909
0.97173
0.96936
0.96641
0.96537
0.96796
0.96996
0.97211
0.97121
0.96653
0.96265
0.97186
0.97009
0.96804
0.97247
0.96579
0.96626
0.97053
0.97154
0.96948
0.9644
0.96716
0.96849
0.96851
0.96897
0.97115
0.96283
0.97234
0.97104
0.97109
0.96505
0.96622
0.96593
0.97086
0.97153
0.96487
0.96874
0.9691
0.96713
0.96414
0.96436
0.96845
0.97043
0.97312
0.96826
0.97076
0.96788
0.97285
0.96497
0.96681
0.97064
0.96669
0.96671
0.97056
0.96665
0.96456
0.97095
0.97036
0.966
0.96705
0.97025
0.96778
0.97269
0.9697
0.97186
0.97261
0.9679
0.96392
0.96972
0.97062
0.96701
0.96978
0.97029
0.97247
0.96982
0.97302
0.96632
0.96936
0.96414
0.96913
0.9698
0.96808
0.96723
0.96818
0.97327
0.97069
0.96583
0.96429
0.97054
0.96849
0.9674
0.9656
0.96471
0.9647
0.96836
0.97024
0.9652
0.96848
0.96734
0.96886
0.96511
0.97034
0.97229
0.97128
0.96661
0.96491
0.97098
0.96603
0.96997
0.96517
0.97217
0.97454
0.9683
0.96743
0.97145
0.96514
0.97142
0.97378
0.9698
0.96614
0.97138
0.97414
0.96708
0.97224
0.96561
0.96695
0.96922
0.97035
0.96941
0.96622
0.96912
0.97352
0.97085
0.96869
0.96582
0.97453
0.97502
0.96661
0.97452
0.97063
0.97454
0.97011
0.96683
0.9752
0.97536
0.97542
0.97272
0.96589
0.96689
0.97311
0.96797
0.97141
0.97101
0.96674
0.96756
0.97332
0.97556
0.97347
0.97355
0.97058
0.97205
0.97545
0.96928
0.97269
0.96964
0.96929
0.97222
0.97346
0.97087
0.97053
0.96604
0.97074
0.97322
0.96627
0.96863
0.97042
0.97002
0.96885
0.96698
0.96776
0.96984
0.96765
0.9705
0.97159
0.96772
0.96647
0.97361
0.97003
0.9763
0.97224
0.9723
0.97305
0.97159
0.97445
0.96924
0.96859
0.97381
0.96684
0.97467
0.96912
0.97207
0.97325
0.96903
0.96845
0.97496
0.97315
0.97158
0.97342
0.96995
0.97681
0.97294
0.97074
0.97116
0.97457
0.97424
0.97609
0.97663
0.97374
0.97232
0.97387
0.97347
0.96856
0.9755
0.97396
0.97192
0.9673
0.96864
0.96868
0.9696
0.97289
0.97105
0.9708
0.97018
0.97526
0.97432
0.96797
0.9772
0.9693
0.97332
0.97663
0.97378
0.96855
0.97507
0.9736
0.97092
0.97148
0.97691
0.96959
0.97626
0.97023
0.97236
0.96977
0.97322
0.97552
0.97302
0.97415
0.97564
0.97441
0.97223
0.97351
0.97714
0.97411
0.97157
0.97128
0.97072
0.97388
0.97377
0.97616
0.97159
0.96905
0.97454
0.9713
0.97157
0.97328
0.96966
0.97529
0.97338
0.97079
0.97635
0.97084
0.97701
0.97214
0.97019
0.97461
0.97303
0.97283
0.97117
0.97259
0.97018
0.97022
0.97179
0.97695
0.9755
0.97648
0.97098
0.97325
0.97174
0.97795
0.97854
0.96865
0.97249
0.97421
0.97367
0.97777
0.97344
0.97498
0.97617
0.97394
0.97682
0.97808
0.97008
0.978
0.97672
0.97616
0.96938
0.9749
0.97104
0.97324
0.97826
0.97675
0.97396
0.97332
0.9762
0.96977
0.9713
0.9784
0.96955
0.97294
0.97114
0.97009
0.97705
0.97454
0.97882
0.97898
0.96989
0.97112
0.97196
0.9759
0.9782
0.97369
0.97524
0.97012
0.97128
0.97856
0.97195
0.97797
0.97023
0.97598
0.96983
0.97714
0.97391
0.97227
0.97601
0.96995
0.9795
0.97317
0.97063
0.97668
0.97294
0.97014
0.97249
0.97732
0.97231
0.97837
0.9735
0.97899
0.97343
0.97827
0.97008
0.97645
0.97921
0.97634
0.97623
0.97529
0.97459
0.97742
0.97649
0.97075
0.97931
0.97528
0.97981
0.97621
0.97345
0.97743
0.97528
0.97501
0.97437
0.97318
0.9787
0.97819
0.97182
0.9744
0.97492
0.97883
0.97979
0.97771
0.97083
0.9742
0.97802
0.97644
0.97388
0.9735
0.97543
0.97803
0.97345
0.97628
0.97593
0.97851
0.97251
0.97275
0.97783
0.97169
0.97154
0.9792
0.97848
0.97797
0.97421
0.97486
0.97196
0.9746
0.9798
0.97828
0.97663
0.97145
0.97815
0.9749
0.97157
0.97424
0.97175
0.97198
0.97417
0.97811
0.97131
0.97173
0.97243
0.97775
0.97603
0.97991
0.97944
0.97405
0.97298
0.97339
0.98091
0.9759
0.9798
0.98091
0.97842
0.97513
0.9795
0.9787
0.98038
0.97784
0.97939
0.97324
0.97228
0.97512
0.98064
0.98142
0.97785
0.97596
0.9787
0.97494
0.97194
0.97555
0.97258
0.97362
0.97986
0.97409
0.97516
0.97384
0.97871
0.98058
0.98085
0.97646
0.9779
0.9806
0.97467
0.97619
0.97856
0.97648
0.97389
0.9728
0.97345
0.97417
0.97409
0.97518
0.97567
0.98053
0.97303
0.97409
0.98131
0.97709
0.97261
0.97593
0.97345
0.97933
0.97255
0.97906
0.97765
0.97924
0.97908
0.97778
0.97324
0.98067
0.97821
0.97586
0.97772
0.98128
0.98162
0.97864
0.98225
0.9776
0.97351
0.97303
0.97587
0.9785
0.97842
0.98118
0.97698
0.97959
0.9781
0.98204
0.97851
0.98087
0.97467
0.97433
0.97604
0.97409
0.97302
0.97915
0.97559
0.98204
0.97475
0.97984
0.97659
0.97914
0.97607
0.98229
0.9808
0.97338
0.9797
0.97715
0.98006
0.97457
0.97655
0.98047
0.98132
0.97471
0.97993
0.98032
0.98249
0.97901
0.98172
0.97354
0.98143
0.97485
0.9827
0.97556
0.97345
0.97377
0.97851
0.97668
0.97405
0.97642
0.97589
0.97719
0.98305
0.97481
0.97424
0.9772
0.98233
0.98317
0.97527
0.97921
0.98215
0.979
0.98136
0.9795
0.98099
0.97686
0.97453
0.98118
0.98198
0.97517
0.97432
0.97994
0.98141
0.97971
0.97517
0.97695
0.97874
0.97728
0.98365
0.97573
0.97737
0.97509
0.9808
0.97939
0.97469
0.97875
0.98007
0.97927
0.98298
0.98027
0.97575
0.98231
0.98356
0.97462
0.97922
0.97598
0.97964
0.97799
0.97491
0.98121
0.97627
0.98176
0.98092
0.9762
0.98045
0.97753
0.98037
0.98327
0.97958
0.98007
0.97889
0.98113
0.98007
0.98265
0.97674
0.97718
0.98046
0.97587
0.97537
0.97518
0.98292
0.98309
0.97556
0.98013
0.97902
0.98241
0.97803
0.97948
0.97712
0.98304
0.98151
0.98365
0.97789
0.97714
0.97692
0.98003
0.98146
0.98361
0.98022
0.98213
0.9773
0.97893
0.97983
0.97994
0.97614
0.97652
0.97588
0.97996
0.98413
0.98114
0.97559
0.97738
0.97813
0.9812
0.97622
0.98235
0.98435
0.97769
0.98323
0.98364
0.98504
0.97807
0.97583
0.98324
0.98418
0.9774
0.98361
0.97995
0.97693
0.98229
0.98524
0.98382
0.97801
0.97975
0.98507
0.98397
0.9778
0.97754
0.97913
0.97686
0.97776
0.98403
0.98264
0.97748
0.97697
0.98449
0.98408
0.97782
0.9856
0.97669
0.98352
0.98475
0.98302
0.97777
0.9848
0.97677
0.97968
0.97642
0.97638
0.98247
0.98551
0.97994
0.97649
0.97945
0.9849
0.98214
0.97869
0.98489
0.98187
0.97669
0.9826
0.98303
0.98556
0.98046
0.98338
0.98324
0.98124
0.97644
0.98521
0.97613
0.98008
0.98595
0.98225
0.97946
0.98584
0.97906
0.97849
0.98581
0.97909
0.98268
0.97911
0.97786
0.9793
0.9801
0.98489
0.98173
0.98518
0.98224
0.98375
0.97784
0.98602
0.97647
0.9817
0.98635
0.97939
0.98067
0.98153
0.98547
0.98305
0.98474
0.98005
0.98251
0.9793
0.98562
0.98313
0.97907
0.98132
0.97681
0.98345
0.97882
0.98489
0.97848
0.9853
0.98314
0.9828
0.97877
0.98606
0.98137
0.98106
0.9778
0.98211
0.98195
0.97926
0.97994
0.98354
0.97701
0.98473
0.98674
0.97918
0.9867
0.98512
0.97787
0.98305
0.98054
0.97839
0.9851
0.98404
0.98167
0.98591
0.98171
0.97918
0.97882
0.9809
0.98044
0.98163
0.97757
0.97799
0.98629
0.97766
0.97854
0.97959
0.9815
0.97898
0.9809
0.98502
0.97877
0.98027
0.98225
0.97766
0.97961
0.9863
0.98559
0.97898
0.9857
0.98583
0.986
0.97979
0.98499
0.98173
0.97829
0.98263
0.98533
0.98603
0.98744
0.97903
0.98134
0.98395
0.98251
0.98739
0.98766
0.97819
0.98767
0.98349
0.98042
0.97859
0.98329
0.98659
0.987
0.98334
0.97937
0.98178
0.98562
0.98157
0.98232
0.98737
0.97835
0.9845
0.97861
0.98026
0.98099
0.98685
0.9781
0.98652
0.97969
0.98453
0.98447
0.98388
0.9842
0.98208
0.98525
0.98598
0.98053
0.9803
0.97844
0.98504
0.98242
0.98787
0.98173
0.98612
0.98716
0.9864
0.97886
0.98641
0.98166
0.97886
0.98771
0.98384
0.98298
0.98586
0.98633
0.98425
0.98537
0.98224
0.98172
0.98475
0.9859
0.98323
0.98005
0.98204
0.98344
0.98788
0.98649
0.98243
0.97869
0.9853
0.98296
0.97942
0.98763
0.98193
0.9815
0.98023
0.98018
0.98549
0.98749
0.9854
0.98184
0.98325
0.98588
0.9816
0.98692
0.97979
0.98774
0.98253
0.98657
0.98706
0.98314
0.98533
0.98668
0.98622
0.98339
0.9817
0.9874
0.98855
0.98496
0.98259
0.98185
0.98136
0.98065
0.98302
0.98568
0.98733
0.98578
0.98001
0.98313
0.98552
0.98111
0.98636
0.98397
0.98798
0.98744
0.98515
0.98366
0.98626
0.97922
0.98408
0.98717
0.98347
0.98436
0.98664
0.98577
0.985
0.98505
0.98063
0.98128
0.98291
0.98675
0.98424
0.98543
0.98465
0.98556
0.9835
0.98474
0.98771
0.98559
0.98743
0.98872
0.98915
0.98523
0.97987
0.98057
0.98515
0.98435
0.98735
0.982
0.97991
0.98495
0.98331
0.9879
0.9798
0.98764
0.98831
0.98951
0.98392
0.98789
0.98148
0.98421
0.98431
0.98303
0.9859
0.98973
0.98159
0.98787
0.98135
0.98217
0.98352
0.98795
0.98071
0.98369
0.98032
0.9867
0.98267
0.98561
0.98225
0.98843
0.9825
0.9819
0.98342
0.98705
0.98319
0.98227
0.98176
0.98368
0.98141
0.98551
0.98781
0.98805
0.99008
0.98068
0.98721
0.9868
0.98262
0.98593
0.9845
0.98266
0.98875
0.99016
0.9826
0.98526
0.98642
0.98664
0.98141
0.98351
0.98919
0.98383
0.98529
0.98793
0.98986
0.98472
0.98902
0.98271
0.9887
0.98138
0.98436
0.98564
0.98702
0.98658
0.98994
0.9885
0.98709
0.98154
0.98618
0.98443
0.98378
0.98568
0.98637
0.98231
0.98228
0.98575
0.98301
0.98711
0.98422
0.98786
0.98966
0.98755
0.98188
0.98299
0.99024
0.98221
0.98125
0.98461
0.98546
0.98586
0.98849
0.98516
0.98112
0.98174
0.99067
0.98741
0.98405
0.98928
0.98158
0.98455
0.98453
0.98691
0.98661
0.9813
0.9838
0.98862
0.98261
0.98874
0.98661
0.98695
0.98889
0.98757
0.98285
0.98701
0.98996
0.98651
0.98618
0.98453
0.98867
0.99094
0.98368
0.98919
0.98489
0.98539
0.98617
0.98569
0.98162
0.98599
0.98172
0.984
0.98948
0.99012
0.9913
0.98606
0.98539
0.98714
0.98694
0.98767
0.98609
0.98273
0.98438
0.98907
0.98318
0.99057
0.98597
0.98855
0.9858
0.9853
0.9837
0.98414
0.98808
0.98833
0.98183
0.98893
0.99076
0.9891
0.98828
0.99034
0.98892
0.9878
0.98749
0.98977
0.98192
0.99025
0.98467
0.99027
0.98848
0.98422
0.98214
0.99087
0.98986
0.98999
0.98393
0.98735
0.99003
0.98882
0.98399
0.98762
0.98308
0.98573
0.98338
0.98777
0.9884
0.98944
0.98678
0.99095
0.98929
0.98968
0.9833
0.98831
0.98425
0.98978
0.98921
0.9881
0.98557
0.98822
0.98791
0.98207
0.98348
0.9871
0.99043
0.98323
0.98469
0.99098
0.98751
0.9899
0.98277
0.98586
0.98539
0.98284
0.9874
0.98711
0.99094
0.98574
0.98856
0.99063
0.98545
0.98663
0.98349
0.99163
0.98849
0.99232
0.98353
0.98598
0.9906
0.98479
0.99157
0.99089
0.98651
0.98794
0.98558
0.99152
0.98246
0.98863
0.98902
0.98473
0.99113
0.98962
0.98713
0.98385
0.9876
0.98752
0.9892
0.98569
0.99105
0.98516
0.9838
0.99042
0.98321
0.98661
0.99214
0.98603
0.99
0.98961
0.99117
0.98404
0.99189
0.9851
0.9877
0.99115
0.98685
0.98929
0.98888
0.98791
0.98475
0.9855
0.99206
0.98765
0.98658
0.98574
0.98828
0.99157
0.98881
0.98986
0.98431
0.98863
0.99173
0.98565
0.98586
0.99113
0.98928
0.98628
0.98861
0.98696
0.98847
0.98492
0.99193
0.98483
0.98368
0.98824
0.98822
0.98663
0.98612
0.99077
0.99232
0.99275
0.99248
0.98473
0.99237
0.98786
0.99043
0.99255
0.99184
0.98838
0.99219
0.98643
0.98994
0.98775
0.98407
0.98761
0.98605
0.98794
0.98792
0.99128
0.99331
0.98894
0.98573
0.9887
0.99323
0.98381
0.98707
0.99317
0.98632
0.98954
0.9857
0.98511
0.98608
0.98864
0.99317
0.99039
0.9885
0.98489
0.99067
0.99293
0.9839
0.98914
0.99184
0.9898
0.98883
0.99097
0.99192
0.98763
0.98812
0.99333
0.98371
0.98811
0.99356
0.98963
0.99229
0.98697
0.99307
0.9882
0.99348
0.98381
0.98725
0.98822
0.98385
0.98813
0.9914
0.99075
0.98924
0.98714
0.98503
0.99379
0.99264
0.98493
0.99376
0.98874
0.9897
0.98414
0.99061
0.99364
0.98667
0.98684
0.99036
0.99243
0.98709
0.98542
0.99
0.98913
0.99337
0.99061
0.99352
0.99372
0.99078
0.98995
0.98909
0.98619
0.99235
0.98449
0.99379
0.98547
0.9901
0.99366
0.98632
0.99024
0.9913
0.99293
0.98657
0.99233
0.98706
0.98808
0.99242
0.99127
0.98753
0.98446
0.9859
0.98769
0.9873
0.99176
0.99249
0.98975
0.99371
0.99379
0.99252
0.98559
0.9887
0.986
0.99302
0.99305
0.99116
0.99141
0.99404
0.99185
0.98855
0.98937
0.99134
0.99425
0.9908
0.98787
0.98466
0.98902
0.99257
0.99039
0.98693
0.9884
0.98906
0.99197
0.98597
0.99416
0.98585
0.9922
0.99223
0.98642
0.99269
0.99079
0.98862
0.98979
0.98826
0.98629
0.98821
0.98814
0.98972
0.99354
0.98949
0.98777
0.989
0.99171
0.99396
0.99444
0.99072
0.99225
0.99002
0.9859
0.98516
0.98966
0.98991
0.98607
0.99388
0.99443
0.99336
0.98528
0.98889
0.99191
0.98953
0.99057
0.99194
0.98619
0.98932
0.98811
0.98553
0.98866
0.99209
0.99016
0.99316
0.99078
0.99401
0.99374
0.99095
0.98627
0.98707
0.98644
0.9915
0.99403
0.98827
0.98547
0.98523
0.99285
0.99216
0.98817
0.98829
0.99326
0.99112
0.98814
0.99442
0.99002
0.98708
0.99024
0.99447
0.98666
0.99161
0.99089
0.99371
0.99482
0.99159
0.98968
0.98912
0.98999
0.99099
0.99002
0.9924
0.99035
0.99436
0.99422
0.98695
0.99012
0.99014
0.99447
0.9931
0.99502
0.99538
0.9916
0.99223
0.99115
0.99269
0.98612
0.99253
0.98933
0.99396
0.98726
0.99054
0.99206
0.98719
0.98895
0.98742
0.99451
0.99532
0.98754
0.98778
0.99317
0.9929
0.99127
0.99038
0.99534
0.98733
0.9955
0.9944
0.98568
0.99419
0.99359
0.99176
0.99073
0.99408
0.99523
0.98681
0.98673
0.98657
0.99401
0.99459
0.99374
0.99059
0.98908
0.98607
0.98651
0.98973
0.99476
0.99432
0.99016
0.98692
0.98893
0.99225
0.99247
0.9941
0.9957
0.98612
0.98908
0.99366
0.98677
0.99437
0.99135
0.98698
0.9905
0.99318
0.98901
0.99188
0.99065
0.98794
0.98728
0.98975
0.98716
0.99179
0.98753
0.99091
0.99218
0.99365
0.99087
0.98795
0.99073
0.99391
0.99343
0.99043
0.98702
0.99016
0.98888
0.98854
0.99361
0.99308
0.98879
0.99177
0.98979
0.98845
0.99374
0.98804
0.99418
0.99072
0.98655
0.9885
0.98635
0.99197
0.99621
0.99498
0.99412
0.99517
0.99416
0.99571
0.98835
0.99622
0.99418
0.98748
0.99496
0.98856
0.9939
0.9889
0.99365
0.99183
0.99462
0.98962
0.99611
0.99341
0.98897
0.98773
0.99123
0.98834
0.99567
0.98729
0.98893
0.99542
0.98663
0.99338
0.98876
0.99378
0.99278
0.98775
0.9933
0.99639
0.98994
0.99214
0.99215
0.9919
0.99306
0.99289
0.99397
0.99329
0.98783
0.98806
0.99533
0.98991
0.99067
0.99009
0.99244
0.99041
0.99626
0.9954
0.98696
0.99648
0.99144
0.99535
0.99298
0.99501
0.98829
0.9924
0.98799
0.99468
0.9889
0.99351
0.98925
0.98765
0.99397
0.99142
0.99641
0.99457
0.9875
0.99236
0.99421
0.99395
0.99601
0.99499
0.99247
0.99017
0.98857
0.9909
0.98713
0.98928
0.98779
0.99368
0.98765
0.99117
0.99119
0.9963
0.9953
0.98772
0.99479
0.98895
0.99407
0.99661
0.99478
0.99653
0.99161
0.99203
0.99694
0.99477
0.99091
0.9889
0.99235
0.99126
0.99442
0.9899
0.99071
0.99422
0.98887
0.99103
0.99474
0.99406
0.98746
0.99606
0.98821
0.99195
0.99433
0.99519
0.98936
0.99582
0.99443
0.99658
0.99555
0.99051
0.9949
0.99212
0.98892
0.99278
0.99083
0.98832
0.99484
0.9919
0.98911
0.98868
0.9952
0.99175
0.99228
0.99395
0.99158
0.99398
0.99378
0.99441
0.9937
0.9936
0.99015
0.99719
0.9938
0.99735
0.99267
0.99273
0.99263
0.99049
0.98934
0.99555
0.99333
0.99158
0.98895
0.98821
0.99381
0.99293
0.99279
0.9881
0.99723
0.99534
0.99563
0.99042
0.99572
0.99417
0.98913
0.99675
0.99273
0.99231
0.99578
0.98993
0.99671
0.98922
0.99417
0.99159
0.99079
0.99506
0.99685
0.99413
0.99227
0.98864
0.99386
0.99423
0.99252
0.99643
0.99445
0.99472
0.99228
0.99524
0.98954
0.98946
0.9965
0.99289
0.98955
0.99466
0.98806
0.99345
0.99124
0.99464
0.99189
0.99263
0.99394
0.9943
0.98861
0.99203
0.99047
0.99195
0.99608
0.99208
0.99555
0.99268
0.99579
0.99656
0.98967
0.9909
0.98929
0.99033
0.98856
0.99566
0.98812
0.99047
0.98997
0.99241
0.99712
0.99
0.99108
0.99723
0.99691
0.99107
0.99152
0.99426
0.99452
0.99518
0.99483
0.99601
0.99582
0.99247
0.99511
0.98954
0.9906
0.99031
0.99328
0.99334
0.99145
0.99729
0.98985
0.99703
0.9917
0.98897
0.99605
0.99257
0.99444
0.99572
0.98865
0.99832
0.98882
0.99538
0.99382
0.99642
0.99244
0.9902
0.99763
0.99467
0.99755
0.99649
0.99422
0.99757
0.99698
0.9951
0.98862
0.99139
0.9963
0.98949
0.99327
0.99179
0.99494
0.99144
0.99194
0.99763
0.99478
0.9961
0.99167
0.99144
0.99776
0.99365
0.99558
0.9953
0.9923
0.99216
0.99544
0.99484
0.99466
0.99764
0.99404
0.9978
0.99249
0.99281
0.98892
0.99142
0.99178
0.98911
0.99366
0.99315
0.99786
0.99319
0.9891
0.99606
0.99815
0.99122
0.99457
0.99294
0.99849
0.99739
0.99301
0.98942
0.98994
0.99409
0.98935
0.99716
0.99865
0.99351
0.99838
0.99872
0.9926
0.9969
0.98999
0.99735
0.98896
0.99183
0.99394
0.99066
0.99396
0.99171
0.9902
0.99255
0.98963
0.99641
0.99735
0.98986
0.99299
0.98902
0.99274
0.99006
0.99756
0.99233
0.99313
0.99397
0.99754
0.98923
0.99642
0.99481
0.99803
0.99491
0.99847
0.99
0.99396
0.99877
0.99185
0.99782
0.99065
0.99864
0.99589
0.99485
0.98925
0.99025
0.99819
0.99696
0.99273
0.99392
0.99116
0.99639
0.99832
0.99272
0.99093
0.99123
0.99594
0.99335
0.99822
0.99921
0.99724
0.99681
0.99012
0.9932
0.99638
0.99815
0.9933
0.98941
0.99134
0.99806
0.99635
0.99767
0.99206
0.99107
0.99356
0.9958
0.99685
0.99889
0.99263
0.99427
0.9968
0.99332
0.99841
0.99487
0.99176
0.99879
0.99689
0.99288
0.99826
0.99617
0.99019
0.99282
0.99928
0.99024
0.99722
0.99371
0.99897
0.99904
0.99117
0.99854
0.99777
0.99158
0.99105
0.99819
0.9903
0.99931
0.99299
0.99544
0.99015
0.99864
0.99493
0.99618
0.99102
0.99396
0.99594
0.99884
0.99251
0.99276
0.99048
0.99506
0.99465
0.98998
0.99061
0.99049
0.99598
0.9918
0.99818
0.99173
0.99173
0.99458
0.99424
0.99851
0.9925
0.99946
0.99376
0.99012
0.99626
0.99606
0.99426
0.99809
0.99598
0.9975
0.99397
0.99181
0.99587
0.99302
0.99963
0.99017
0.99837
0.99837
0.992
0.99403
0.99594
0.99676
0.99359
0.99847
0.99847
0.99101
0.99122
0.99834
0.99171
0.99075
0.9906
0.99655
0.99103
0.99453
0.99242
0.99051
0.99648
0.99987
0.99007
0.99851
0.99799
0.99479
0.99051
0.99689
0.9967
0.99254
0.99728
0.99313
0.99368
0.99486
0.99076
0.99143
0.99905
0.99206
0.99258
0.99829
0.994
0.99217
0.99334
0.99481
0.99544
0.99037
0.99028
0.99249
0.99701
0.99075
0.99859
0.99786
0.99126
0.99144
0.99817
0.99919
0.99964
0.99065
0.9952
0.99604
1.0001
0.99059
0.99683
0.99487
0.99823
0.99881
0.99049
0.99454
0.994
0.99728
0.99406
0.99917
0.99774
0.99038
0.99499
0.99285
0.99752
0.99046
0.99111
0.992
0.99354
0.99567
0.99797
0.99496
0.99963
0.995
0.99725
0.99942
0.99907
0.99427
0.99637
0.99282
0.99937
1.0004
0.99528
0.99915
0.99976
0.99948
0.99711
0.99132
0.99935
0.99069
0.99495
0.99425
0.99978
0.99569
0.99241
0.99916
0.99577
0.99219
0.99337
1.0002
0.99461
0.99482
0.99567
0.99999
0.99184
0.99099
0.99704
0.99722
0.99638
0.99905
0.99367
0.9996
0.99662
0.99874
0.99927
0.99922
0.9921
0.99646
1.0005
0.99363
0.9916
0.99847
0.999
0.99804
0.99389
0.99446
0.99275
0.99273
0.99606
0.99941
0.99123
0.99237
0.99093
0.99922
0.99665
0.99807
0.99754
0.99111
1.0005
0.99862
0.99739
0.99085
0.99474
0.99169
0.99359
0.99254
0.99643
0.99891
1.0003
0.99172
0.9977
0.99305
0.99561
0.99883
0.99168
0.99423
0.9996
0.99216
0.99408
0.99941
0.99195
0.99169
0.99261
0.99807
0.99357
0.99293
0.9952
0.9967
0.9994
0.99842
0.9951
0.99231
1
0.99459
0.99445
0.99905
0.99264
0.99477
0.99243
0.9927
0.99768
0.99901
0.99711
0.9937
0.99737
0.9912
1.0001
0.99604
0.99224
0.99276
1.0002
0.99974
0.99955
0.99419
0.99602
0.99894
1.0006
1
0.99888
1.0003
0.99652
0.99991
0.9987
0.99914
0.99463
0.99208
0.99557
0.9965
0.99178
0.99818
0.9931
0.99192
1.0008
1.0001
0.99154
0.99381
0.99499
0.99716
1.0003
0.99213
0.998
0.99274
0.99396
0.99269
1.0008
0.99311
0.99342
0.99788
0.99722
1.0009
0.99845
0.99719
0.9963
0.99918
0.99951
0.99262
0.99387
0.99185
0.99242
0.99278
1
1.0008
0.99809
0.99594
0.99196
0.9939
0.99742
0.99582
0.99171
1.0004
0.99899
0.99384
0.99401
0.99771
0.99979
0.99865
0.99393
0.99505
0.99699
0.99999
0.99279
0.99819
1.0012
0.99853
0.9945
0.99567
1.0014
0.99383
0.99792
0.99861
0.99535
0.9976
1.0013
0.9949
0.99492
0.99667
0.99902
1.0001
0.9952
0.99866
0.99263
0.99207
0.9985
0.99445
0.99863
0.99865
1.0015
0.99749
1.0014
1.0007
0.99641
0.99481
0.99967
0.99428
0.99588
0.99889
0.99913
0.99363
1.0006
0.99742
0.99628
0.99849
0.9946
0.99587
0.99403
0.99385
1.0009
0.99974
1.0006
0.99877
1.0003
0.99469
1.0004
0.992
0.99803
0.99896
0.99487
1.0001
0.99487
0.9999
0.99341
0.99601
0.9992
0.99705
0.99696
0.99369
1.0013
0.99396
0.99677
0.99564
0.99926
1.0008
0.99209
1.0001
0.99449
0.99914
0.99202
0.99916
0.99623
0.99569
0.99878
1.0014
0.99419
0.99647
0.99602
0.99491
0.99674
0.9973
0.99708
0.99916
0.99987
1.0005
0.99541
1.0002
1.0002
1.001
0.99719
1.0015
0.99983
0.997
0.99761
0.99485
0.99819
0.99842
0.99917
0.99539
1.0013
0.9921
0.99677
0.99962
0.99589
0.99554
0.99523
1
0.99212
0.99908
0.99409
0.99844
0.99257
0.99882
1.0008
1.0011
1.0008
0.99889
0.99749
0.99259
0.99563
0.99966
0.99771
0.99799
0.99564
0.99885
0.99628
1.0003
1.0002
0.99418
0.99372
0.99733
1.0002
0.99524
0.99221
1.0011
0.99995
0.99674
0.99716
0.99941
0.99357
1.0011
0.99782
1.0007
0.99588
0.99925
0.99989
0.99525
0.99758
0.99802
1.0011
0.99718
0.99542
0.9969
0.99978
0.99659
0.99449
0.99489
0.99525
0.99883
0.99377
1.0003
0.9943
0.99936
0.99242
0.99835
1.0005
0.99468
0.99918
0.99738
0.99566
0.99657
0.99704
1.0011
1.0001
0.99523
0.99524
0.99854
0.99604
1.0008
0.9951
0.993
0.99252
0.99314
0.99242
0.99542
0.99447
0.9945
1.0011
0.9966
0.99592
1.0016
1.002
0.99587
0.99845
0.99598
0.99434
0.99362
1.0015
1.0024
0.99372
0.99582
0.99448
0.9949
0.99605
1.0005
0.9948
0.99329
0.99428
0.993
0.99896
0.99952
1.0001
0.99703
0.99305
0.99635
0.9935
0.99544
1.0019
0.99481
1.0003
0.99469
0.99712
0.99544
1.0007
0.99566
0.9952
0.99661
0.99848
0.99448
0.99754
0.99921
0.99935
1.0012
0.99394
0.99538
0.99959
0.99778
1.0013
1.0025
0.99673
0.99444
1.0023
1.0003
1.0018
0.99554
1.0018
0.99747
0.99608
0.99697
0.99466
0.99771
1.001
1.0002
0.99869
0.99432
0.99743
1.0016
0.99361
0.99597
1.0001
0.99453
1.0023
0.9952
0.99449
0.99379
0.99339
0.99857
0.99438
0.99972
0.99575
0.99889
0.99441
0.99522
0.99713
1.0015
1.0013
1.0012
0.99415
0.99404
0.99773
0.9972
0.9953
1.0004
0.99538
0.99405
1.0004
0.99451
0.998
0.99323
0.99814
1.0005
0.99674
0.99497
0.99529
0.99594
0.99774
0.99832
1.0022
0.99998
0.99556
1.0023
0.99477
0.99446
0.99703
0.9931
0.99406
0.99929
0.99361
1.0027
0.99661
0.9999
0.99481
1.0028
0.99311
0.99957
0.99622
0.99355
0.9943
1.0003
0.99991
0.99713
0.99393
0.99596
0.9972
0.99864
0.9936
0.99751
1.0026
0.99921
1.002
0.99356
0.99837
0.99604
0.99472
0.99441
0.99806
0.99797
0.99657
0.99465
1.0013
1.0018
0.99465
0.9983
0.99848
0.99476
0.99847
0.99629
0.99683
0.9961
0.99475
0.99912
0.99519
1.0031
0.99884
0.99882
1
0.99507
1.0011
1.0022
0.9939
0.99363
0.99851
1.0027
1.0006
0.99643
1.0025
1.0005
0.99516
0.99871
0.99371
1
1.0006
0.99682
1.0007
1.0022
0.9964
0.99559
1.0014
0.99932
0.9967
0.99453
0.9957
1.003
1.0012
1.0005
0.99426
0.99615
0.99667
0.99539
0.9939
1.0017
0.99384
0.99783
0.99825
1.003
0.99861
1.0029
0.99678
0.99722
0.99406
1.0023
1.0027
0.9964
1.0005
0.99633
1.0029
0.99472
1.0014
0.9977
1.0012
1.0022
0.99682
0.99832
0.99458
0.99367
0.99966
0.99822
0.99954
0.99588
0.99552
0.9954
1.0016
0.99359
1.0005
0.99464
1.0011
1.0004
0.99418
0.99889
0.9953
0.99737
1.001
1.002
0.99895
0.99845
0.99817
0.99973
1.0015
1.0029
1.0019
1.0027
0.99542
1.0017
0.9949
0.99995
0.99794
0.99814
0.99517
1.0033
1.0023
0.99946
0.99634
0.99475
0.99739
0.99865
0.99774
0.99988
0.99603
0.99983
1.0005
1.001
0.99665
0.99656
1.002
0.99525
1.0025
0.99404
0.99882
0.99684
0.99722
0.99646
0.99999
0.99711
0.99495
0.99536
0.99648
0.99636
0.99392
1.0036
0.99676
0.99554
1.0022
0.99381
0.99511
0.99736
1.0016
0.9988
0.99659
0.99906
0.99949
0.99995
0.99642
0.9968
1.0026
0.99696
1.0004
1.0003
0.99523
1.0012
0.99947
1.0011
0.99797
0.99815
1.0005
0.99736
0.99544
1.0034
1.001
0.99442
0.99492
1.0013
1.0015
0.99856
1.0031
1.0025
0.99384
1.0012
0.9974
1.0007
0.99621
0.99709
1.0003
1.0003
1.0017
0.99472
0.99388
1.0011
0.99556
0.99851
0.99553
0.99892
1.0009
0.99541
1.0008
0.99759
1.0023
1.0003
0.99787
0.9961
0.99915
0.99673
0.99837
1.001
0.99449
1.0033
0.99493
0.99702
0.99768
0.99714
0.99665
0.99665
1.0017
0.99755
0.99815
1.0014
1.0023
1.0025
0.99646
0.99716
0.99532
1.0026
1.0035
0.99977
1.0006
0.99563
0.99585
1.0018
0.99626
0.99562
1.0012
0.998
0.99775
0.99886
1.0005
0.99775
1.0022
1.0017
1.0014
1.0005
0.99928
1.0032
0.99448
1.001
1.0007
0.99483
0.99548
0.99494
0.99487
1.0005
0.99584
1.0019
0.99998
0.99948
1.002
0.99819
1.0007
1.0022
0.99941
1.0027
1.0039
0.99675
0.99916
0.99617
1.0023
1.0038
0.99958
0.9999
1.0002
0.99688
0.99476
0.9994
1.0036
0.99513
1.0041
0.99519
1.0002
1.0022
0.99494
0.99482
0.99483
1.0014
0.99927
0.99565
0.99454
0.99906
0.99574
0.99686
1.0031
1.0006
1.0013
0.99848
0.99776
0.9951
0.9997
0.99864
1.0012
0.99742
0.99871
1.0029
0.9982
0.9998
1.0004
1.0009
1.0023
0.99464
1.0015
0.99742
1.0018
0.99992
0.99547
1.0024
0.99463
1.0008
0.99717
0.99536
0.99469
0.99647
0.99698
0.99435
1.0023
1.0034
1.0021
0.99596
1.0036
0.997
1.0002
1.0025
0.99924
0.99731
1.0003
0.99936
0.99718
0.99531
0.99812
1.0026
0.99445
0.99592
0.9998
1.0043
0.99959
1.0039
1.0026
0.99636
0.99797
1.0031
0.99779
0.99459
0.99636
1.0009
1.0007
1.0042
0.99701
0.99768
0.99486
1.0039
0.99461
1.0016
0.99544
0.9998
0.99532
0.99649
0.99455
1.0021
0.99554
1.0005
0.99827
0.99878
0.99499
0.99688
1
0.99629
0.99869
1.0035
1.0034
1.0028
1.0032
0.99557
1.0009
0.99559
0.99961
0.99651
0.99994
0.99612
0.99847
1.0017
0.9989
0.99967
0.99712
0.99543
1.0005
0.99483
1.0015
1.0019
0.99816
0.99528
0.99765
1.0009
0.99736
0.99753
1.0013
0.99558
1.004
0.99789
1.0005
0.99656
0.9991
0.99986
0.99712
0.99498
0.99708
1.002
1.0037
1.0002
0.99674
0.99485
1.0014
1.0016
0.99879
1.0024
0.99879
1.0022
0.99484
1.0022
0.99569
0.99963
1.0018
0.99776
1.0045
1.002
1.0044
1.0028
0.99649
0.99868
1.0047
0.99787
0.99514
0.99642
0.99568
0.9993
0.99975
1.0031
1.0008
0.9949
0.99977
1.0036
1.0028
1.0036
0.9995
0.99713
1.0037
0.99737
1.0046
1.0029
0.99736
0.99976
1.0004
0.99566
0.99694
1.0021
0.99706
1.001
0.99961
0.99798
0.99863
0.9991
0.99538
0.99821
0.99747
0.99942
0.99718
0.99486
0.99648
1.003
0.99863
1.0001
0.99977
1.0003
1.0036
1.0028
1.0027
1.0041
1.0039
0.99567
0.99607
1.0023
1.0031
1.0002
1.002
1.0018
0.99868
0.99958
0.99885
1.0017
0.99888
1.0011
0.99998
0.9979
1.0034
0.99891
1.0036
0.99744
1.0043
1.0005
0.99907
0.99554
1.0014
1.0036
1.0049
1.0016
1.0049
0.99857
0.99918
1.0049
0.99558
0.99847
1.0016
1.0023
0.99911
1.0011
0.99625
0.99606
1.0012
0.99827
0.99582
1.0045
1.0001
0.99875
1.0013
1.0046
0.99779
0.9954
0.99633
0.99802
0.99573
0.99803
1.0041
0.99846
0.99841
0.99563
0.99531
1.0017
0.99605
0.9964
1.0024
1.0024
1.002
0.99909
0.99956
0.99918
1.0005
1.0031
0.99741
0.99649
1.005
1.003
1.0049
0.99868
1.0041
0.99639
0.99589
0.99728
0.99763
0.99783
1.0001
1.0044
1.0033
1.0006
1.0013
0.99891
0.99787
1.0042
0.99738
1.0015
0.99706
1.003
1.0046
1.0007
1.0025
0.99967
1.0036
1.0046
1.0022
1.0035
1.005
0.99747
0.99548
1.0017
0.99837
0.99986
0.99979
1.0009
0.99524
0.99733
0.99695
1.0029
1.0002
1.003
0.99791
1.0042
1.0035
0.99833
1
1.0036
0.9976
1.0002
1.003
0.99641
1.0047
0.9956
1.0028
1.0014
0.99897
0.99819
1.0035
1.0033
1.0044
0.99733
0.99953
0.99648
1.0001
1.0014
1.0044
1.0053
1.0022
1.0024
1.0018
0.99623
0.99885
1.0041
0.99787
1.0029
1.0048
0.99556
1.0035
0.99781
1.0034
0.99606
1.0038
1.0006
0.99718
0.99959
1.0038
0.99839
1.0033
1.0037
1.0032
1.0028
1.0025
0.99757
0.99683
1.0042
0.99956
1
1.0002
1.0029
1.0032
1.0047
1.0053
1.0029
1.002
1.0031
0.99562
1
0.9994
1.0003
1.0005
1.0016
1.0003
1.0034
0.99805
1.0004
1.0036
1.0038
0.99694
1.001
0.99587
0.99681
1.0014
0.99985
0.99589
1.0001
1.0029
1.0017
0.99989
0.99731
0.99919
1.0034
1.0045
0.99797
0.99851
0.99616
1.0051
1.002
1.0037
0.99662
1.003
1.0045
1.0011
1.0028
1.0051
1.0006
1.0049
0.99598
0.99832
1.0044
1.0037
0.99632
0.99598
0.99674
0.99888
0.99964
1.0043
1.0037
1.0049
1.0051
0.99802
0.99951
0.99951
0.99919
0.99986
0.99735
0.99909
1.0021
1.0014
1.0052
0.99668
1.0038
0.99808
1
1.0005
0.99674
1.0031
1.0037
0.99785
1.0045
1.0047
0.99882
1.0035
0.99846
0.99877
0.99896
1.0056
1.0023
0.99942
0.99911
1.0031
0.99997
1.0038
0.99669
1.002
0.99827
1.001
0.99957
1.0056
1.0016
1.0008
1.0019
1.0042
1.0015
1.0013
1.0024
1.0048
1.0007
0.99944
1.003
1.0052
0.99812
0.99953
0.99761
1.0011
1.0012
0.99909
0.99742
0.99879
0.99801
0.99998
0.99591
0.99772
0.9997
1.0027
0.99756
0.99585
1.0033
0.99841
1.0039
1.0025
0.99854
0.99862
0.99749
1.0002
0.99685
0.99809
1.0045
1.0047
0.9987
1.0004
1.0056
0.9963
0.9959
0.999
1.0021
0.99736
1.0044
0.99739
1.0007
1.0007
1.0008
0.99736
1.0038
1.0003
1.001
1.0042
0.99887
1.0029
0.99865
0.99612
1.0041
0.9976
0.99636
1.0039
1.0055
0.99793
0.99818
1.0058
0.99755
1.0051
0.99719
0.99719
1.0009
0.99884
1.0046
0.9988
1.0049
1.0043
0.99682
0.99806
1.0034
0.99781
0.99986
1.0049
1.0021
1.0031
1.0021
0.99987
1.0001
1.0019
0.99975
0.99787
1.0031
1.0038
0.99904
1.0013
0.99622
1.0055
1.0035
1.0038
0.99721
0.99619
0.99741
0.99919
1.0051
1.0015
0.9988
1.0054
1.001
0.99885
1.0034
0.99669
0.9983
0.99836
1.0019
1.0035
1.0047
0.99951
0.99695
0.99955
1.0027
0.99604
1.0013
0.99659
1.0003
1.0034
1.0045
1.0059
1.0031
0.99829
1.0033
1.0021
1.0039
1.0057
1.003
0.99915
1.0032
0.99688
1.002
1.0046
1.0041
1.0038
1.0035
1.0053
1.0009
1.0021
1.0038
0.99976
1.0026
0.99903
1.0026
0.9992
1.0014
1.0057
1.0047
1.0024
0.99939
1.0024
0.99715
1.0033
0.99795
0.99936
1.0006
1.0011
1.0037
1.0037
0.99834
0.99624
1.0023
0.9984
1.0012
0.9966
1.0033
1.0035
0.99621
0.99988
1.0025
0.9979
1.0051
0.99642
0.9968
1.0011
1.0057
1.0018
1.0041
1.0046
1.0003
0.99882
0.99744
1.0019
1.0046
0.99698
0.99774
0.99805
1.0062
0.99636
0.99982
0.99833
0.99903
1.0044
0.99969
1.0041
0.99736
1.0035
0.99656
0.99781
1.0032
1.0044
0.99645
1.0009
1.0034
0.9965
1.0054
0.99865
1.005
1.0003
1.0009
1.0015
1.0042
1.0027
1.0036
1.0036
1.003
1.0053
1.0011
1.0051
0.99832
1.0017
1.0031
1.005
0.99816
1.0016
1.0037
1.0043
1.0027
1.0042
0.9972
0.99845
0.99846
0.99798
0.99934
1.003
1.0049
0.99971
1.003
0.99646
1.0016
1.003
1.0017
1.0035
1.0037
1.0056
1.0044
1.0038
1.0054
1.0051
0.99895
1.0021
1.0003
0.99808
1.0023
1.0054
1.0032
1.002
1.0008
1.0004
1.0049
0.999
1.0041
1.0023
1.0014
0.99795
1.0051
1.0014
0.99859
0.99822
1.0021
1.0061
1.0037
1.0016
0.99655
1.0053
0.99843
1.0036
1.0031
1.0022
0.9964
0.99987
1.0015
1.0022
0.99796
0.99983
1.0052
0.99791
1.0044
1.001
1.003
1.0048
1.0038
1.0015
1.0022
1.004
0.99657
1.0056
1.0045
0.99941
0.99911
0.99964
0.99665
1.0018
1.0045
1.0052
0.99816
1.0017
1.0044
1.0027
1.0015
0.99756
1.0055
1.0024
1.0045
1.0025
1.0049
1.0048
1.0003
0.99705
0.99699
1.004
1.0062
0.99722
1.0003
1.0063
1.0011
0.99997
0.99854
1.0053
1.0063
0.99877
1.0005
1.0024
0.99892
1.0009
1.0038
0.99896
0.99974
1.0013
1.0049
1.0039
1.0004
1.0026
1.0065
1.0011
0.99741
0.9996
1.003
0.99848
1.0004
1.0021
1.0046
0.99923
0.99699
1.0006
0.99888
1.001
1.0063
1.0023
0.99843
0.99743
1.0051
0.99817
1.0009
1.0044
1.003
1.004
1.0011
0.99686
0.99858
0.99808
1.0017
0.99664
1.0004
1.0004
0.99836
1.0047
1.0043
1.0014
1.0057
1.0024
1.004
0.99772
0.99987
0.99898
0.99993
1.0001
0.99771
1.0054
1.0034
1.0055
0.99769
0.9997
1.0065
1.0018
0.99984
1.0048
0.99967
1.0013
0.99769
1.0011
0.99758
1.0055
0.99971
0.99962
1.001
1.0056
1.0005
0.9982
0.99795
1.0037
1.0064
1.0033
1.0055
1.0022
1.0027
1.0051
1.0023
1.0038
0.99871
1.0006
0.99978
0.9993
0.99678
1.0051
0.99961
1.0055
1.0009
1.0051
1.003
0.9989
1.0025
1.0055
1.002
1.0032
1.0031
1.0005
0.99976
1.0061
1.0061
0.99691
0.99843
1.0026
1.002
0.99973
0.99699
1.0055
1.0013
1.006
1.0024
1.0042
0.99785
1.0031
1.0025
0.99768
1.0054
1.0043
1.0049
0.99769
1.0017
0.9986
1.002
1.0029
1.0047
0.99925
0.99703
1.0003
1.0066
0.9994
1.0015
0.99948
0.99785
0.99844
0.99868
0.99969
1.0018
0.99821
1.0008
0.99957
1.0004
1.0029
0.9993
1.0011
1.006
1.0008
0.9981
1.002
1.0064
0.99845
1.0045
1.0039
0.99789
1.0027
1.0025
1.0021
1.0012
0.9979
1.003
1.0055
1.0043
1.0047
0.99922
1.0037
1.0032
0.99824
1.0018
1.0009
1.0061
1.0035
0.99972
0.99814
0.99901
1.0048
1.0012
0.99709
1.0044
1.0058
1.0022
0.9983
1.006
0.99905
1.0029
1.0024
0.99789
0.99739
0.99974
1.0012
1.0055
0.99991
0.9981
0.99958
1.0021
1.0065
1.0058
0.99875
0.99918
1.0035
1.0001
0.99972
1.0048
0.99922
0.99739
1.0049
0.9991
1.0027
1
0.99903
0.99791
1.0069
1.0014
0.99889
1.0032
1.0054
1.0053
1.0035
1.0028
1.0047
0.99849
1.001
1.0015
1.0016
0.9992
1.0035
0.99856
1.0012
1.0008
1.0055
1.0041
1.0037
1.0037
1.0017
1.0018
1.0055
1.0065
1.0067
1.0006
0.99767
0.99822
0.99797
1.007
1.0002
1.0026
1.0056
1.0011
1.0044
1.0014
1.0034
0.99765
1.0033
0.99807
1.0038
1.0009
1.0029
1.0061
0.99734
1.0053
0.99929
0.99794
1.0011
0.99844
0.9975
0.99896
1.0057
1.0019
1.0034
1.005
0.99909
1.0011
1.0013
1.0016
1.0056
0.99981
1.0032
1.0069
1.0057
1.001
1.0055
1.0034
1.0025
0.99966
1.0002
1.0001
0.99877
1.0006
1.0019
0.99972
1.001
1.0015
1.0022
0.99855
1.0018
1.002
1.006
1.0003
1.0031
0.99737
0.99711
1.0031
1.0042
1.0052
1.0059
1.0034
1.0054
1.0061
1.0049
1.0058
1.006
1.004
1.0038
1.0012
1.0046
1.0005
1.0049
0.99874
1.0062
0.99748
1.0035
1.0009
0.99878
1.0038
0.99887
1.0003
1.0044
1.0002
1.0052
1.002
1.0041
0.99847
0.99889
1.0008
1.0037
0.99735
1.0037
1.0057
1.0068
1.0049
1.0043
1.0025
1.0005
1.0035
1.0057
1.0027
1.0017
1.0003
1.0021
1.0038
0.99803
1.0043
0.99925
0.99865
0.99916
1.0055
1.003
0.99731
1.0012
0.99786
0.99776
0.99883
0.99768
1.004
0.99995
0.99883
1.0004
0.99754
1.0055
1.0049
1.0062
0.99861
1.0006
1.0063
1.0023
1.0026
1.0044
0.99888
1.0063
1.0068
1.0038
0.99977
0.9981
0.99979
1.0011
1.0019
1.0038
1.0031
1.0012
0.99831
1.0067
1.0044
1.0055
1.0056
0.99792
1.0036
1.0037
1.0028
1.0072
1.0016
1.0027
1.0016
1.0002
1.0067
0.99996
0.99923
0.99886
1.0027
1.0006
1.0004
0.99793
1.0024
1.0003
1.0031
1.0034
1.004
0.99884
0.9993
1.0068
1.0009
1.0005
1.0011
1.0058
1.0023
1.0063
0.99921
1.0047
1.0037
1.0066
1.0065
1.0056
1.0024
0.99868
0.99928
1.0067
1.0039
1.0008
0.99822
1.0056
1.0011
0.99885
0.9985
0.99977
1.0034
1.0051
1.0001
1.0056
1.0055
1.0025
1.0026
1.0009
1.0049
0.99794
1.0035
0.99995
1.0032
0.99774
1.0047
1.0049
1.0047
1.0026
1.0051
1.0011
1.0023
1.0068
1.0042
1.0043
1.0053
1.0069
1.0026
1.0051
1.0032
1.0008
0.99972
1.0036
1.0001
1.0003
1.0035
0.99871
1.0027
1.0017
1.0003
0.99776
1.0051
1.0035
1.0066
0.99865
1.0036
1.0046
1.0017
1.0063
1.0054
1.0015
1.0013
1.0001
1.0046
1.0072
1.003
1.0054
1.0015
1.0015
1.0054
1.0007
0.99929
1.0044
1.0021
1.0035
0.998
1.0031
1.0048
0.99792
1.0073
1.0034
1.0047
1.0057
1.0031
1.0005
1.0002
0.99994
1.0049
0.99895
1.0003
1.0037
1.0064
0.99787
0.99912
1.006
0.99993
1.0008
1.003
1.0072
1.0036
1.0043
1.0002
1.001
0.99979
1.0017
0.99931
1.0061
1.0002
1.0035
0.99799
1.001
1.0026
1.002
1.0021
1.0047
1.0048
0.99829
1.0041
0.99871
1.0003
1.0001
1.0007
0.99964
0.9981
1.0059
1.0016
0.99842
0.99873
1.0067
0.9991
1.0069
1.0061
1.0018
1.0059
1.0028
1.0022
1.0017
1.0054
1.0061
1.0067
1.0023
1.0008
1.0058
1.004
1.0052
1.0025
1.0074
1.0054
0.99808
1.0062
1.0051
0.99819
0.99835
1.002
1.0036
0.99943
1.0004
1.0042
1.007
1.0072
1.0021
1.0032
0.99986
1.0043
0.99869
1.0049
1.0006
1.004
0.99787
1.0028
1.0043
0.99791
0.99778
0.99996
1.001
1.0063
1.0012
0.9993
0.99976
1.004
1.0038
1.0034
1.0057
1.0026
1.0032
1.0018
1.0049
0.99875
1.0033
0.99787
1.0074
1.0061
0.99792
1.0021
0.99839
1.007
1.006
1.0049
1.0037
0.99816
1.0021
1.0053
0.99845
0.9992
1.0058
0.99967
1.0007
1.0055
1.0006
1.0061
1.0041
1.0054
1.0038
0.99858
0.99788
1.0059
1.0075
1.0059
1.0072
1.0055
1.0052
1.0053
1.0024
1.0032
1.0013
1.0023
1.0062
0.99957
0.99819
1.007
1.0073
0.9981
1.0073
1.0001
1.0026
1.0001
1.0074
1.0011
1.0017
0.99986
1.0059
1.0025
1.0002
0.99949
0.99857
1.0007
1.0031
1.0015
0.99864
0.99974
1.0072
1.0042
1.0049
1.0021
1.0072
0.99969
1.0042
1.0051
1.0042
1.0056
1.0029
1.0075
1.0034
0.99783
0.99777
0.99835
1.003
0.99978
0.99864
1.0016
1.0009
1.0075
1.0038
0.99925
1.0016
1.0059
1.0042
0.99889
0.99783
1.0042
1.0047
1.0014
0.99875
1.0072
1.0047
1.0075
1.0063
0.99786
0.99822
1.0007
1.0057
1.0055
1.0068
1.0031
1.0029
1.0068
1.0058
1.0011
0.99915
1.0014
1.0065
0.99856
0.99842
1.003
1.0007
1.0059
0.99942
1
0.99897
1.0006
0.9998
1.0039
0.99865
1.0026
0.99849
1.0057
0.99828
1.005
1.0003
1.0029
1.0004
1.0013
1.0011
0.99802
1.0043
0.99983
1.0074
0.99806
1.005
1.0045
1.0047
0.9999
1.0058
1.0011
0.99866
1.0038
1.0022
0.99845
0.99856
1.007
1.0069
1.0004
1.0037
0.99938
0.99896
1.003
1.0025
1.0036
1.0031
1.0055
0.99822
1.0006
1.0016
1.0051
1.0078
0.9997
1.0011
1.0023
0.99924
1.0044
1.0015
1.0068
0.99901
0.99797
1.0017
1.0072
1.0075
1.0073
0.99801
1.0053
0.99835
1.0073
1.0075
1.0002
1.0035
1.0004
1.0057
1.0073
1.0015
0.99963
0.99932
1.0056
1.005
0.99924
1.0015
0.99803
1.0077
1.006
1.0034
1.0045
1.002
1.0054
1.001
0.99863
1.0009
0.99963
1.0051
1.0058
0.99822
0.99925
1.0062
0.99851
1.0018
0.99995
1.0054
1.0057
0.99913
0.99887
1.0043
0.99889
1.0032
1.004
1.0053
1.0024
1.0063
1.0018
1.0063
0.99919
1.0002
1.0041
1.0067
1.006
1.0039
1.0001
1.0047
0.99969
1.0023
1.0035
1.0037
1.0058
1.0067
0.99997
0.99877
1.0077
1.0024
1.0022
1.003
1.0013
1.0021
1.0045
1.0059
1.0015
1.0055
0.99932
1.0079
1.0079
1.0047
1.0043
1.0031
1.004
1.0023
1.0039
1.0006
1.0049
0.9999
0.99979
0.9991
1.0032
1.0076
1.007
0.99831
1.0008
1.0065
1.0028
1.004
1.0078
1.001
1.0064
1.0068
1.0053
1.0017
1.0035
1.0019
1.0055
0.99975
1.0055
0.99881
0.99961
1.0029
0.99879
1.0079
1.0077
1.0021
1.0072
1.0074
0.9988
1.0058
1.0037
1.0036
1.0006
1.0004
0.99905
1.0012
1.0002
1.0039
1.0072
0.99837
1.0066
1.0051
0.99843
1.0066
0.9995
1.0031
0.99847
0.99834
1.0046
1.0061
0.99822
1.0024
1.0028
1.0011
1.0003
1.0034
1.0066
